234 3 1
234 12 0
234 7 0
234 11 0
234 5 0
234 15 0
234 14 0
234 13 0
234 16 1
234 29 0
234 20 0
234 19 1
234 22 0
234 36 0
234 35 0
234 37 0
234 25 0
234 34 1
234 27 0
234 32 0
234 17 0
234 26 0
234 30 0
234 21 0
234 23 0
234 40 0
234 216 0
234 55 0
234 45 0
234 39 0
234 46 0
234 49 0
234 54 0
234 59 0
234 60 0
234 83 0
234 61 0
234 64 0
234 4 1
234 65 0
234 70 0
234 66 1
234 209 0
234 71 0
234 75 0
234 74 0
234 76 0
234 80 0
234 235 0
234 82 0
234 84 0
234 81 1
234 86 0
234 91 0
234 90 0
234 95 0
234 100 0
234 99 0
234 56 0
234 96 0
234 101 0
234 104 1
234 107 0
234 109 0
234 103 0
234 102 0
234 110 0
234 111 0
234 114 1
234 112 0
234 116 0
234 38 0
234 50 0
234 119 0
234 120 1
234 42 0
234 115 0
234 122 0
234 124 1
234 188 0
234 210 0
234 126 0
234 129 0
234 130 0
234 123 0
234 151 1
234 146 0
234 149 0
234 133 0
234 132 0
234 137 1
234 148 0
234 131 0
234 165 0
234 141 0
234 138 0
234 142 0
234 144 0
234 135 1
234 152 0
234 158 0
234 162 0
234 160 0
234 157 0
234 166 0
234 156 0
234 159 0
234 167 1
234 171 0
234 174 0
234 78 0
234 172 0
234 175 0
234 168 1
234 177 0
234 178 0
234 173 0
234 180 1
234 183 0
234 195 1
234 211 1
234 215 0
234 200 0
234 203 0
234 202 0
234 196 1
234 212 0
234 67 0
234 221 0
234 227 1
234 228 1
234 226 0
234 220 0
234 233 0
234 232 0
234 236 0
234 238 0
234 239 1
234 191 0
234 241 0
234 244 0
234 242 0
234 247 1
234 206 0
234 248 0
234 249 0
3 12 0
3 7 0
3 11 0
3 5 0
3 15 0
3 14 0
3 13 0
3 16 1
3 29 0
3 20 0
3 19 1
3 22 0
3 36 0
3 35 0
3 37 0
3 25 0
3 34 1
3 27 0
3 32 0
3 17 0
3 26 0
3 30 0
3 21 0
3 23 0
3 40 0
3 216 0
3 55 0
3 45 0
3 39 0
3 46 0
3 49 0
3 54 0
3 59 0
3 60 0
3 83 0
3 61 0
3 64 0
3 4 1
3 65 0
3 70 0
3 66 1
3 209 0
3 71 0
3 75 0
3 74 0
3 76 0
3 80 0
3 235 0
3 82 0
3 84 0
3 81 1
3 86 0
3 91 0
3 90 0
3 95 0
3 100 0
3 99 0
3 56 0
3 96 0
3 101 0
3 104 1
3 107 0
3 109 0
3 103 0
3 110 0
3 111 0
3 114 1
3 112 0
3 116 0
3 38 0
3 50 0
3 119 0
3 120 1
3 42 0
3 115 0
3 122 0
3 124 1
3 188 0
3 210 0
3 126 0
3 129 0
3 130 0
3 123 0
3 151 1
3 146 0
3 149 0
3 133 0
3 132 0
3 137 1
3 148 0
3 131 0
3 165 0
3 141 0
3 138 0
3 142 0
3 144 0
3 135 1
3 152 0
3 158 0
3 162 0
3 160 0
3 157 0
3 166 0
3 156 0
3 159 0
3 167 1
3 171 0
3 174 0
3 78 0
3 172 0
3 175 0
3 168 1
3 177 0
3 178 0
3 173 0
3 180 1
3 183 0
3 195 1
3 211 1
3 215 0
3 200 0
3 203 0
3 202 0
3 196 1
3 212 0
3 67 0
3 221 0
3 227 1
3 228 1
3 226 0
3 220 0
3 233 0
3 232 0
3 236 0
3 238 0
3 239 1
3 191 0
3 241 0
3 244 0
3 242 0
3 247 1
3 206 0
3 248 0
3 249 0
12 7 0
12 11 0
12 5 0
12 15 0
12 14 0
12 13 0
12 16 0
12 29 1
12 20 0
12 19 0
12 22 0
12 36 0
12 35 1
12 37 0
12 25 0
12 34 0
12 27 0
12 32 0
12 17 0
12 26 0
12 30 0
12 21 1
12 23 0
12 40 0
12 216 0
12 55 0
12 45 0
12 39 0
12 46 0
12 49 0
12 54 0
12 59 1
12 60 0
12 83 0
12 61 0
12 64 0
12 4 0
12 65 0
12 70 0
12 66 0
12 209 0
12 71 0
12 75 0
12 74 0
12 76 0
12 80 0
12 235 0
12 82 1
12 84 0
12 81 0
12 86 1
12 91 0
12 90 0
12 95 0
12 100 0
12 99 0
12 56 0
12 96 0
12 101 0
12 104 0
12 107 0
12 109 0
12 103 0
12 110 0
12 111 0
12 114 0
12 112 0
12 116 0
12 38 0
12 50 0
12 119 0
12 120 0
12 42 0
12 115 1
12 122 0
12 124 0
12 188 0
12 210 0
12 126 0
12 129 0
12 130 0
12 123 0
12 151 0
12 146 1
12 149 0
12 133 0
12 132 1
12 137 0
12 148 0
12 131 0
12 165 0
12 141 0
12 138 0
12 142 0
12 144 0
12 135 0
12 152 0
12 158 0
12 162 0
12 160 0
12 157 0
12 166 0
12 156 0
12 159 0
12 167 0
12 171 0
12 174 0
12 78 0
12 172 0
12 175 0
12 168 0
12 177 0
12 178 0
12 173 0
12 180 0
12 183 1
12 195 0
12 211 0
12 215 0
12 200 0
12 203 0
12 202 0
12 196 0
12 212 0
12 67 0
12 221 0
12 227 0
12 228 0
12 226 0
12 220 0
12 233 1
12 232 0
12 236 0
12 238 0
12 239 0
12 191 0
12 241 0
12 244 0
12 242 0
12 247 0
12 206 0
12 248 0
12 249 0
7 11 0
7 5 0
7 15 0
7 14 0
7 13 0
7 16 0
7 29 0
7 20 0
7 19 0
7 22 0
7 36 1
7 35 0
7 37 1
7 25 0
7 34 0
7 27 0
7 32 0
7 17 0
7 26 0
7 30 1
7 21 0
7 23 0
7 40 0
7 216 0
7 55 1
7 45 0
7 39 1
7 46 0
7 49 0
7 54 0
7 59 0
7 60 0
7 83 0
7 61 0
7 64 0
7 4 0
7 65 0
7 70 0
7 66 0
7 209 0
7 71 0
7 75 0
7 74 0
7 76 0
7 80 1
7 235 0
7 82 0
7 84 1
7 81 0
7 86 0
7 91 0
7 90 0
7 95 0
7 100 0
7 99 0
7 56 0
7 96 0
7 101 0
7 104 0
7 107 0
7 109 0
7 103 0
7 110 0
7 111 0
7 114 0
7 112 0
7 116 1
7 38 0
7 50 1
7 119 0
7 120 0
7 42 1
7 115 0
7 122 0
7 124 0
7 188 0
7 210 0
7 126 1
7 129 0
7 130 0
7 123 0
7 151 0
7 146 0
7 149 0
7 133 1
7 132 0
7 137 0
7 148 0
7 131 0
7 165 0
7 141 1
7 138 0
7 142 1
7 144 0
7 135 0
7 152 1
7 158 0
7 162 1
7 160 0
7 157 0
7 166 0
7 156 0
7 159 0
7 167 0
7 171 0
7 174 0
7 78 0
7 172 0
7 175 0
7 168 0
7 177 0
7 178 0
7 173 0
7 180 0
7 183 0
7 195 0
7 211 0
7 215 0
7 200 0
7 203 0
7 202 0
7 196 0
7 212 1
7 67 0
7 221 0
7 227 0
7 228 0
7 226 0
7 220 1
7 233 0
7 232 1
7 236 0
7 238 0
7 239 0
7 191 0
7 241 0
7 244 0
7 242 0
7 247 0
7 206 1
7 248 1
7 249 1
11 5 0
11 15 0
11 14 0
11 13 0
11 16 0
11 29 0
11 20 0
11 19 0
11 22 0
11 36 0
11 35 0
11 37 0
11 25 0
11 34 0
11 27 1
11 32 1
11 17 1
11 26 0
11 30 0
11 21 0
11 23 1
11 40 0
11 216 0
11 55 0
11 45 1
11 39 0
11 46 0
11 49 1
11 54 1
11 59 0
11 60 0
11 83 0
11 61 0
11 64 1
11 4 0
11 65 1
11 70 0
11 66 0
11 209 0
11 71 0
11 75 0
11 74 0
11 76 0
11 80 0
11 235 0
11 82 0
11 84 0
11 81 0
11 86 0
11 91 1
11 90 0
11 95 0
11 100 0
11 99 1
11 56 0
11 96 0
11 101 0
11 104 0
11 107 0
11 109 0
11 103 0
11 102 0
11 110 0
11 111 0
11 114 0
11 112 0
11 116 0
11 38 0
11 50 0
11 119 0
11 120 0
11 42 0
11 115 0
11 122 0
11 124 0
11 188 1
11 210 0
11 126 0
11 129 0
11 130 0
11 123 0
11 151 0
11 146 0
11 149 0
11 133 0
11 132 0
11 137 0
11 148 0
11 131 0
11 165 0
11 141 0
11 138 0
11 142 0
11 144 1
11 135 0
11 152 0
11 158 0
11 162 0
11 160 1
11 157 0
11 166 0
11 156 0
11 159 0
11 167 0
11 171 1
11 174 1
11 78 0
11 172 0
11 175 0
11 168 0
11 177 0
11 178 0
11 173 1
11 180 0
11 183 0
11 195 0
11 211 0
11 215 0
11 200 0
11 203 0
11 202 0
11 196 0
11 212 0
11 67 1
11 221 0
11 227 0
11 228 0
11 226 0
11 220 0
11 233 0
11 232 0
11 236 0
11 238 1
11 239 0
11 191 1
11 241 1
11 244 0
11 242 0
11 247 0
11 206 0
11 248 0
11 249 0
5 15 0
5 14 0
5 13 1
5 16 0
5 29 0
5 20 0
5 19 0
5 22 0
5 36 0
5 35 0
5 37 0
5 25 0
5 34 0
5 27 0
5 32 0
5 17 0
5 26 0
5 30 0
5 21 0
5 23 0
5 40 0
5 216 0
5 55 0
5 45 0
5 39 0
5 46 0
5 49 0
5 54 0
5 59 0
5 60 0
5 83 0
5 61 0
5 64 0
5 4 0
5 65 0
5 70 0
5 66 0
5 209 0
5 71 1
5 75 0
5 74 1
5 76 0
5 80 0
5 235 0
5 82 0
5 84 0
5 81 0
5 86 0
5 91 0
5 90 1
5 95 1
5 100 0
5 99 0
5 56 0
5 96 1
5 101 0
5 104 0
5 107 0
5 109 0
5 103 0
5 110 0
5 111 0
5 114 0
5 112 1
5 116 0
5 38 0
5 50 0
5 119 0
5 120 0
5 42 0
5 115 0
5 122 0
5 124 0
5 188 0
5 210 0
5 126 0
5 129 0
5 130 0
5 123 0
5 151 0
5 146 0
5 149 0
5 133 0
5 132 0
5 137 0
5 148 0
5 131 0
5 165 1
5 141 0
5 138 0
5 142 0
5 144 0
5 135 0
5 152 0
5 158 1
5 162 0
5 160 0
5 157 0
5 166 0
5 156 0
5 159 0
5 167 0
5 171 0
5 174 0
5 78 1
5 172 0
5 175 0
5 168 0
5 177 0
5 178 0
5 173 0
5 180 0
5 183 0
5 195 0
5 211 0
5 215 0
5 200 0
5 203 0
5 202 0
5 196 0
5 212 0
5 67 0
5 221 0
5 227 0
5 228 0
5 226 0
5 220 0
5 233 0
5 232 0
5 236 0
5 238 0
5 239 0
5 191 0
5 241 0
5 244 1
5 242 0
5 247 0
5 206 0
5 248 0
5 249 0
15 14 1
15 13 0
15 16 0
15 29 0
15 20 1
15 19 0
15 22 1
15 36 0
15 35 0
15 37 0
15 25 1
15 34 0
15 27 0
15 32 0
15 17 0
15 26 0
15 30 0
15 21 0
15 23 0
15 40 1
15 216 1
15 55 0
15 45 0
15 39 0
15 46 0
15 49 0
15 54 0
15 59 0
15 60 1
15 83 1
15 61 1
15 64 0
15 4 0
15 65 0
15 70 1
15 66 0
15 209 1
15 71 0
15 75 1
15 74 0
15 76 1
15 80 0
15 235 1
15 82 0
15 84 0
15 81 0
15 86 0
15 91 0
15 90 0
15 95 0
15 100 0
15 99 0
15 56 1
15 96 0
15 101 1
15 104 0
15 107 1
15 109 1
15 103 0
15 102 1
15 110 1
15 111 1
15 114 0
15 112 0
15 116 0
15 38 0
15 50 0
15 119 0
15 120 0
15 42 0
15 115 0
15 122 0
15 124 0
15 188 0
15 210 0
15 126 0
15 129 1
15 130 1
15 123 1
15 151 0
15 146 0
15 149 0
15 133 0
15 132 0
15 137 0
15 148 0
15 131 0
15 165 0
15 141 0
15 138 1
15 142 0
15 144 0
15 135 0
15 152 0
15 158 0
15 162 0
15 160 0
15 157 1
15 166 1
15 156 0
15 159 1
15 167 0
15 171 0
15 174 0
15 78 0
15 172 1
15 175 1
15 168 0
15 177 1
15 178 1
15 173 0
15 180 0
15 183 0
15 195 0
15 211 0
15 215 1
15 200 0
15 203 1
15 202 1
15 196 0
15 212 0
15 67 0
15 221 0
15 227 0
15 228 0
15 226 1
15 220 0
15 233 0
15 232 0
15 236 1
15 238 0
15 239 0
15 191 0
15 241 0
15 244 0
15 242 0
15 247 0
15 206 0
15 248 0
15 249 0
14 13 0
14 16 0
14 29 0
14 20 1
14 19 0
14 22 1
14 36 0
14 35 0
14 37 0
14 25 1
14 34 0
14 27 0
14 32 0
14 17 0
14 26 0
14 30 0
14 21 0
14 23 0
14 40 1
14 216 1
14 55 0
14 45 0
14 39 0
14 46 0
14 49 0
14 54 0
14 59 0
14 60 1
14 83 1
14 61 1
14 64 0
14 4 0
14 65 0
14 70 1
14 66 0
14 209 1
14 71 0
14 75 1
14 74 0
14 76 1
14 80 0
14 235 1
14 82 0
14 84 0
14 81 0
14 86 0
14 91 0
14 90 0
14 95 0
14 100 0
14 99 0
14 56 1
14 96 0
14 101 1
14 104 0
14 107 1
14 109 1
14 103 0
14 102 1
14 110 1
14 111 1
14 114 0
14 112 0
14 116 0
14 38 0
14 50 0
14 119 0
14 120 0
14 42 0
14 115 0
14 122 0
14 124 0
14 188 0
14 210 0
14 126 0
14 129 1
14 130 1
14 123 1
14 151 0
14 146 0
14 149 0
14 133 0
14 132 0
14 137 0
14 148 0
14 131 0
14 165 0
14 141 0
14 138 1
14 142 0
14 144 0
14 135 0
14 152 0
14 158 0
14 162 0
14 160 0
14 157 1
14 166 1
14 156 0
14 159 1
14 167 0
14 171 0
14 174 0
14 78 0
14 172 1
14 175 1
14 168 0
14 177 1
14 178 1
14 173 0
14 180 0
14 183 0
14 195 0
14 211 0
14 215 1
14 200 0
14 203 1
14 202 1
14 196 0
14 212 0
14 67 0
14 221 0
14 227 0
14 228 0
14 226 1
14 220 0
14 233 0
14 232 0
14 236 1
14 238 0
14 239 0
14 191 0
14 241 0
14 244 0
14 242 0
14 247 0
14 206 0
14 248 0
14 249 0
13 16 0
13 29 0
13 20 0
13 19 0
13 22 0
13 36 0
13 35 0
13 37 0
13 25 0
13 34 0
13 27 0
13 32 0
13 17 0
13 26 0
13 30 0
13 21 0
13 23 0
13 40 0
13 216 0
13 55 0
13 45 0
13 39 0
13 46 0
13 49 0
13 54 0
13 59 0
13 60 0
13 83 0
13 61 0
13 64 0
13 4 0
13 65 0
13 70 0
13 66 0
13 209 0
13 71 1
13 75 0
13 74 1
13 76 0
13 80 0
13 235 0
13 82 0
13 84 0
13 81 0
13 86 0
13 91 0
13 90 1
13 95 1
13 100 0
13 99 0
13 56 0
13 96 1
13 101 0
13 104 0
13 107 0
13 109 0
13 103 0
13 110 0
13 111 0
13 114 0
13 112 1
13 116 0
13 38 0
13 50 0
13 119 0
13 120 0
13 42 0
13 115 0
13 122 0
13 124 0
13 188 0
13 210 0
13 126 0
13 129 0
13 130 0
13 123 0
13 151 0
13 146 0
13 149 0
13 133 0
13 132 0
13 137 0
13 148 0
13 131 0
13 165 1
13 141 0
13 138 0
13 142 0
13 144 0
13 135 0
13 152 0
13 158 1
13 162 0
13 160 0
13 157 0
13 166 0
13 156 0
13 159 0
13 167 0
13 171 0
13 174 0
13 78 1
13 172 0
13 175 0
13 168 0
13 177 0
13 178 0
13 173 0
13 180 0
13 183 0
13 195 0
13 211 0
13 215 0
13 200 0
13 203 0
13 202 0
13 196 0
13 212 0
13 67 0
13 221 0
13 227 0
13 228 0
13 226 0
13 220 0
13 233 0
13 232 0
13 236 0
13 238 0
13 239 0
13 191 0
13 241 0
13 244 1
13 242 0
13 247 0
13 206 0
13 248 0
13 249 0
16 29 0
16 20 0
16 19 1
16 22 0
16 36 0
16 35 0
16 37 0
16 25 0
16 34 1
16 27 0
16 32 0
16 17 0
16 26 0
16 30 0
16 21 0
16 23 0
16 40 0
16 216 0
16 55 0
16 45 0
16 39 0
16 46 0
16 49 0
16 54 0
16 59 0
16 60 0
16 83 0
16 61 0
16 64 0
16 4 1
16 65 0
16 70 0
16 66 1
16 209 0
16 71 0
16 75 0
16 74 0
16 76 0
16 80 0
16 235 0
16 82 0
16 84 0
16 81 1
16 86 0
16 91 0
16 90 0
16 95 0
16 100 0
16 99 0
16 56 0
16 96 0
16 101 0
16 104 1
16 107 0
16 109 0
16 103 0
16 110 0
16 111 0
16 114 1
16 112 0
16 116 0
16 38 0
16 50 0
16 119 0
16 120 1
16 42 0
16 115 0
16 122 0
16 124 1
16 188 0
16 210 0
16 126 0
16 129 0
16 130 0
16 123 0
16 151 1
16 146 0
16 149 0
16 133 0
16 132 0
16 137 1
16 148 0
16 131 0
16 165 0
16 141 0
16 138 0
16 142 0
16 144 0
16 135 1
16 152 0
16 158 0
16 162 0
16 160 0
16 157 0
16 166 0
16 156 0
16 159 0
16 167 1
16 171 0
16 174 0
16 78 0
16 172 0
16 175 0
16 168 1
16 177 0
16 178 0
16 173 0
16 180 1
16 183 0
16 195 1
16 211 1
16 215 0
16 200 0
16 203 0
16 202 0
16 196 1
16 212 0
16 67 0
16 221 0
16 227 1
16 228 1
16 226 0
16 220 0
16 233 0
16 232 0
16 236 0
16 238 0
16 239 1
16 191 0
16 241 0
16 244 0
16 242 0
16 247 1
16 206 0
16 248 0
16 249 0
29 20 0
29 19 0
29 22 0
29 36 0
29 35 1
29 37 0
29 25 0
29 34 0
29 27 0
29 32 0
29 17 0
29 26 0
29 30 0
29 21 1
29 23 0
29 40 0
29 216 0
29 55 0
29 45 0
29 39 0
29 46 0
29 49 0
29 54 0
29 59 1
29 60 0
29 83 0
29 61 0
29 64 0
29 4 0
29 65 0
29 70 0
29 66 0
29 209 0
29 71 0
29 75 0
29 74 0
29 76 0
29 80 0
29 235 0
29 82 1
29 84 0
29 81 0
29 86 1
29 91 0
29 90 0
29 95 0
29 100 0
29 99 0
29 56 0
29 96 0
29 101 0
29 104 0
29 107 0
29 109 0
29 103 0
29 110 0
29 111 0
29 114 0
29 112 0
29 116 0
29 38 0
29 50 0
29 119 0
29 120 0
29 42 0
29 115 1
29 122 0
29 124 0
29 188 0
29 210 0
29 126 0
29 129 0
29 130 0
29 123 0
29 151 0
29 146 1
29 149 0
29 133 0
29 132 1
29 137 0
29 148 0
29 131 0
29 165 0
29 141 0
29 138 0
29 142 0
29 144 0
29 135 0
29 152 0
29 158 0
29 162 0
29 160 0
29 157 0
29 166 0
29 156 0
29 159 0
29 167 0
29 171 0
29 174 0
29 78 0
29 172 0
29 175 0
29 168 0
29 177 0
29 178 0
29 173 0
29 180 0
29 183 1
29 195 0
29 211 0
29 215 0
29 200 0
29 203 0
29 202 0
29 196 0
29 212 0
29 67 0
29 221 0
29 227 0
29 228 0
29 226 0
29 220 0
29 233 1
29 232 0
29 236 0
29 238 0
29 239 0
29 191 0
29 241 0
29 244 0
29 242 0
29 247 0
29 206 0
29 248 0
29 249 0
20 19 0
20 22 1
20 36 0
20 35 0
20 37 0
20 25 1
20 34 0
20 27 0
20 32 0
20 17 0
20 26 0
20 30 0
20 21 0
20 23 0
20 40 1
20 216 1
20 55 0
20 45 0
20 39 0
20 46 0
20 49 0
20 54 0
20 59 0
20 60 1
20 83 1
20 61 1
20 64 0
20 4 0
20 65 0
20 70 1
20 66 0
20 209 1
20 71 0
20 75 1
20 74 0
20 76 1
20 80 0
20 235 1
20 82 0
20 84 0
20 81 0
20 86 0
20 91 0
20 90 0
20 95 0
20 100 0
20 99 0
20 56 1
20 96 0
20 101 1
20 104 0
20 107 1
20 109 1
20 103 0
20 110 1
20 111 1
20 114 0
20 112 0
20 116 0
20 38 0
20 50 0
20 119 0
20 120 0
20 42 0
20 115 0
20 122 0
20 124 0
20 188 0
20 210 0
20 126 0
20 129 1
20 130 1
20 123 1
20 151 0
20 146 0
20 149 0
20 133 0
20 132 0
20 137 0
20 148 0
20 131 0
20 165 0
20 141 0
20 138 1
20 142 0
20 144 0
20 135 0
20 152 0
20 158 0
20 162 0
20 160 0
20 157 1
20 166 1
20 156 0
20 159 1
20 167 0
20 171 0
20 174 0
20 78 0
20 172 1
20 175 1
20 168 0
20 177 1
20 178 1
20 173 0
20 180 0
20 183 0
20 195 0
20 211 0
20 215 1
20 200 0
20 203 1
20 202 1
20 196 0
20 212 0
20 67 0
20 221 0
20 227 0
20 228 0
20 226 1
20 220 0
20 233 0
20 232 0
20 236 1
20 238 0
20 239 0
20 191 0
20 241 0
20 244 0
20 242 0
20 247 0
20 206 0
20 248 0
20 249 0
19 22 0
19 36 0
19 35 0
19 37 0
19 25 0
19 34 1
19 27 0
19 32 0
19 17 0
19 26 0
19 30 0
19 21 0
19 23 0
19 40 0
19 216 0
19 55 0
19 45 0
19 39 0
19 46 0
19 49 0
19 54 0
19 59 0
19 60 0
19 83 0
19 61 0
19 64 0
19 4 1
19 65 0
19 70 0
19 66 1
19 209 0
19 71 0
19 75 0
19 74 0
19 76 0
19 80 0
19 235 0
19 82 0
19 84 0
19 81 1
19 86 0
19 91 0
19 90 0
19 95 0
19 100 0
19 99 0
19 56 0
19 96 0
19 101 0
19 104 1
19 107 0
19 109 0
19 103 0
19 102 0
19 110 0
19 111 0
19 114 1
19 112 0
19 116 0
19 38 0
19 50 0
19 119 0
19 120 1
19 42 0
19 115 0
19 122 0
19 124 1
19 188 0
19 210 0
19 126 0
19 129 0
19 130 0
19 123 0
19 151 1
19 146 0
19 149 0
19 133 0
19 132 0
19 137 1
19 148 0
19 131 0
19 165 0
19 141 0
19 138 0
19 142 0
19 144 0
19 135 1
19 152 0
19 158 0
19 162 0
19 160 0
19 157 0
19 166 0
19 156 0
19 159 0
19 167 1
19 171 0
19 174 0
19 78 0
19 172 0
19 175 0
19 168 1
19 177 0
19 178 0
19 173 0
19 180 1
19 183 0
19 195 1
19 211 1
19 215 0
19 200 0
19 203 0
19 202 0
19 196 1
19 212 0
19 67 0
19 221 0
19 227 1
19 228 1
19 226 0
19 220 0
19 233 0
19 232 0
19 236 0
19 238 0
19 239 1
19 191 0
19 241 0
19 244 0
19 242 0
19 247 1
19 206 0
19 248 0
19 249 0
22 36 0
22 35 0
22 37 0
22 25 1
22 34 0
22 27 0
22 32 0
22 17 0
22 26 0
22 30 0
22 21 0
22 23 0
22 40 1
22 216 1
22 55 0
22 45 0
22 39 0
22 46 0
22 49 0
22 54 0
22 59 0
22 60 1
22 83 1
22 61 1
22 64 0
22 4 0
22 65 0
22 70 1
22 66 0
22 209 1
22 71 0
22 75 1
22 74 0
22 76 1
22 80 0
22 235 1
22 82 0
22 84 0
22 81 0
22 86 0
22 91 0
22 90 0
22 95 0
22 100 0
22 99 0
22 56 1
22 96 0
22 101 1
22 104 0
22 107 1
22 109 1
22 103 0
22 102 1
22 110 1
22 111 1
22 114 0
22 112 0
22 116 0
22 38 0
22 50 0
22 119 0
22 120 0
22 42 0
22 115 0
22 122 0
22 124 0
22 188 0
22 210 0
22 126 0
22 129 1
22 130 1
22 123 1
22 151 0
22 146 0
22 149 0
22 133 0
22 132 0
22 137 0
22 148 0
22 131 0
22 165 0
22 141 0
22 138 1
22 142 0
22 144 0
22 135 0
22 152 0
22 158 0
22 162 0
22 160 0
22 157 1
22 166 1
22 156 0
22 159 1
22 167 0
22 171 0
22 174 0
22 78 0
22 172 1
22 175 1
22 168 0
22 177 1
22 178 1
22 173 0
22 180 0
22 183 0
22 195 0
22 211 0
22 215 1
22 200 0
22 203 1
22 202 1
22 196 0
22 212 0
22 67 0
22 221 0
22 227 0
22 228 0
22 226 1
22 220 0
22 233 0
22 232 0
22 236 1
22 238 0
22 239 0
22 191 0
22 241 0
22 244 0
22 242 0
22 247 0
22 206 0
22 248 0
22 249 0
36 35 0
36 37 1
36 25 0
36 34 0
36 27 0
36 32 0
36 17 0
36 26 0
36 30 1
36 21 0
36 23 0
36 40 0
36 216 0
36 55 1
36 45 0
36 39 1
36 46 0
36 49 0
36 54 0
36 59 0
36 60 0
36 83 0
36 61 0
36 64 0
36 4 0
36 65 0
36 70 0
36 66 0
36 209 0
36 71 0
36 75 0
36 74 0
36 76 0
36 80 1
36 235 0
36 82 0
36 84 1
36 81 0
36 86 0
36 91 0
36 90 0
36 95 0
36 100 0
36 99 0
36 56 0
36 96 0
36 101 0
36 104 0
36 107 0
36 109 0
36 103 0
36 110 0
36 111 0
36 114 0
36 112 0
36 116 1
36 38 0
36 50 1
36 119 0
36 120 0
36 42 1
36 115 0
36 122 0
36 124 0
36 188 0
36 210 0
36 126 1
36 129 0
36 130 0
36 123 0
36 151 0
36 146 0
36 149 0
36 133 1
36 132 0
36 137 0
36 148 0
36 131 0
36 165 0
36 141 1
36 138 0
36 142 1
36 144 0
36 135 0
36 152 1
36 158 0
36 162 1
36 160 0
36 157 0
36 166 0
36 156 0
36 159 0
36 167 0
36 171 0
36 174 0
36 78 0
36 172 0
36 175 0
36 168 0
36 177 0
36 178 0
36 173 0
36 180 0
36 183 0
36 195 0
36 211 0
36 215 0
36 200 0
36 203 0
36 202 0
36 196 0
36 212 1
36 67 0
36 221 0
36 227 0
36 228 0
36 226 0
36 220 1
36 233 0
36 232 1
36 236 0
36 238 0
36 239 0
36 191 0
36 241 0
36 244 0
36 242 0
36 247 0
36 206 1
36 248 1
36 249 1
35 37 0
35 25 0
35 34 0
35 27 0
35 32 0
35 17 0
35 26 0
35 30 0
35 21 1
35 23 0
35 40 0
35 216 0
35 55 0
35 45 0
35 39 0
35 46 0
35 49 0
35 54 0
35 59 1
35 60 0
35 83 0
35 61 0
35 64 0
35 4 0
35 65 0
35 70 0
35 66 0
35 209 0
35 71 0
35 75 0
35 74 0
35 76 0
35 80 0
35 235 0
35 82 1
35 84 0
35 81 0
35 86 1
35 91 0
35 90 0
35 95 0
35 100 0
35 99 0
35 56 0
35 96 0
35 101 0
35 104 0
35 107 0
35 109 0
35 103 0
35 102 0
35 110 0
35 111 0
35 114 0
35 112 0
35 116 0
35 38 0
35 50 0
35 119 0
35 120 0
35 42 0
35 115 1
35 122 0
35 124 0
35 188 0
35 210 0
35 126 0
35 129 0
35 130 0
35 123 0
35 151 0
35 146 1
35 149 0
35 133 0
35 132 1
35 137 0
35 148 0
35 131 0
35 165 0
35 141 0
35 138 0
35 142 0
35 144 0
35 135 0
35 152 0
35 158 0
35 162 0
35 160 0
35 157 0
35 166 0
35 156 0
35 159 0
35 167 0
35 171 0
35 174 0
35 78 0
35 172 0
35 175 0
35 168 0
35 177 0
35 178 0
35 173 0
35 180 0
35 183 1
35 195 0
35 211 0
35 215 0
35 200 0
35 203 0
35 202 0
35 196 0
35 212 0
35 67 0
35 221 0
35 227 0
35 228 0
35 226 0
35 220 0
35 233 1
35 232 0
35 236 0
35 238 0
35 239 0
35 191 0
35 241 0
35 244 0
35 242 0
35 247 0
35 206 0
35 248 0
35 249 0
37 25 0
37 34 0
37 27 0
37 32 0
37 17 0
37 26 0
37 30 1
37 21 0
37 23 0
37 40 0
37 216 0
37 55 1
37 45 0
37 39 1
37 46 0
37 49 0
37 54 0
37 59 0
37 60 0
37 83 0
37 61 0
37 64 0
37 4 0
37 65 0
37 70 0
37 66 0
37 209 0
37 71 0
37 75 0
37 74 0
37 76 0
37 80 1
37 235 0
37 82 0
37 84 1
37 81 0
37 86 0
37 91 0
37 90 0
37 95 0
37 100 0
37 99 0
37 56 0
37 96 0
37 101 0
37 104 0
37 107 0
37 109 0
37 103 0
37 110 0
37 111 0
37 114 0
37 112 0
37 116 1
37 38 0
37 50 1
37 119 0
37 120 0
37 42 1
37 115 0
37 122 0
37 124 0
37 188 0
37 210 0
37 126 1
37 129 0
37 130 0
37 123 0
37 151 0
37 146 0
37 149 0
37 133 1
37 132 0
37 137 0
37 148 0
37 131 0
37 165 0
37 141 1
37 138 0
37 142 1
37 144 0
37 135 0
37 152 1
37 158 0
37 162 1
37 160 0
37 157 0
37 166 0
37 156 0
37 159 0
37 167 0
37 171 0
37 174 0
37 78 0
37 172 0
37 175 0
37 168 0
37 177 0
37 178 0
37 173 0
37 180 0
37 183 0
37 195 0
37 211 0
37 215 0
37 200 0
37 203 0
37 202 0
37 196 0
37 212 1
37 67 0
37 221 0
37 227 0
37 228 0
37 226 0
37 220 1
37 233 0
37 232 1
37 236 0
37 238 0
37 239 0
37 191 0
37 241 0
37 244 0
37 242 0
37 247 0
37 206 1
37 248 1
37 249 1
25 34 0
25 27 0
25 32 0
25 17 0
25 26 0
25 30 0
25 21 0
25 23 0
25 40 1
25 216 1
25 55 0
25 45 0
25 39 0
25 46 0
25 49 0
25 54 0
25 59 0
25 60 1
25 83 1
25 61 1
25 64 0
25 4 0
25 65 0
25 70 1
25 66 0
25 209 1
25 71 0
25 75 1
25 74 0
25 76 1
25 80 0
25 235 1
25 82 0
25 84 0
25 81 0
25 86 0
25 91 0
25 90 0
25 95 0
25 100 0
25 99 0
25 56 1
25 96 0
25 101 1
25 104 0
25 107 1
25 109 1
25 103 0
25 110 1
25 111 1
25 114 0
25 112 0
25 116 0
25 38 0
25 50 0
25 119 0
25 120 0
25 42 0
25 115 0
25 122 0
25 124 0
25 188 0
25 210 0
25 126 0
25 129 1
25 130 1
25 123 1
25 151 0
25 146 0
25 149 0
25 133 0
25 132 0
25 137 0
25 148 0
25 131 0
25 165 0
25 141 0
25 138 1
25 142 0
25 144 0
25 135 0
25 152 0
25 158 0
25 162 0
25 160 0
25 157 1
25 166 1
25 156 0
25 159 1
25 167 0
25 171 0
25 174 0
25 78 0
25 172 1
25 175 1
25 168 0
25 177 1
25 178 1
25 173 0
25 180 0
25 183 0
25 195 0
25 211 0
25 215 1
25 200 0
25 203 1
25 202 1
25 196 0
25 212 0
25 67 0
25 221 0
25 227 0
25 228 0
25 226 1
25 220 0
25 233 0
25 232 0
25 236 1
25 238 0
25 239 0
25 191 0
25 241 0
25 244 0
25 242 0
25 247 0
25 206 0
25 248 0
25 249 0
34 27 0
34 32 0
34 17 0
34 26 0
34 30 0
34 21 0
34 23 0
34 40 0
34 216 0
34 55 0
34 45 0
34 39 0
34 46 0
34 49 0
34 54 0
34 59 0
34 60 0
34 83 0
34 61 0
34 64 0
34 4 1
34 65 0
34 70 0
34 66 1
34 209 0
34 71 0
34 75 0
34 74 0
34 76 0
34 80 0
34 235 0
34 82 0
34 84 0
34 81 1
34 86 0
34 91 0
34 90 0
34 95 0
34 100 0
34 99 0
34 56 0
34 96 0
34 101 0
34 104 1
34 107 0
34 109 0
34 103 0
34 102 0
34 110 0
34 111 0
34 114 1
34 112 0
34 116 0
34 38 0
34 50 0
34 119 0
34 120 1
34 42 0
34 115 0
34 122 0
34 124 1
34 188 0
34 210 0
34 126 0
34 129 0
34 130 0
34 123 0
34 151 1
34 146 0
34 149 0
34 133 0
34 132 0
34 137 1
34 148 0
34 131 0
34 165 0
34 141 0
34 138 0
34 142 0
34 144 0
34 135 1
34 152 0
34 158 0
34 162 0
34 160 0
34 157 0
34 166 0
34 156 0
34 159 0
34 167 1
34 171 0
34 174 0
34 78 0
34 172 0
34 175 0
34 168 1
34 177 0
34 178 0
34 173 0
34 180 1
34 183 0
34 195 1
34 211 1
34 215 0
34 200 0
34 203 0
34 202 0
34 196 1
34 212 0
34 67 0
34 221 0
34 227 1
34 228 1
34 226 0
34 220 0
34 233 0
34 232 0
34 236 0
34 238 0
34 239 1
34 191 0
34 241 0
34 244 0
34 242 0
34 247 1
34 206 0
34 248 0
34 249 0
27 32 1
27 17 1
27 26 0
27 30 0
27 21 0
27 23 1
27 40 0
27 216 0
27 55 0
27 45 1
27 39 0
27 46 0
27 49 1
27 54 1
27 59 0
27 60 0
27 83 0
27 61 0
27 64 1
27 4 0
27 65 1
27 70 0
27 66 0
27 209 0
27 71 0
27 75 0
27 74 0
27 76 0
27 80 0
27 235 0
27 82 0
27 84 0
27 81 0
27 86 0
27 91 1
27 90 0
27 95 0
27 100 0
27 99 1
27 56 0
27 96 0
27 101 0
27 104 0
27 107 0
27 109 0
27 103 0
27 110 0
27 111 0
27 114 0
27 112 0
27 116 0
27 38 0
27 50 0
27 119 0
27 120 0
27 42 0
27 115 0
27 122 0
27 124 0
27 188 1
27 210 0
27 126 0
27 129 0
27 130 0
27 123 0
27 151 0
27 146 0
27 149 0
27 133 0
27 132 0
27 137 0
27 148 0
27 131 0
27 165 0
27 141 0
27 138 0
27 142 0
27 144 1
27 135 0
27 152 0
27 158 0
27 162 0
27 160 1
27 157 0
27 166 0
27 156 0
27 159 0
27 167 0
27 171 1
27 174 1
27 78 0
27 172 0
27 175 0
27 168 0
27 177 0
27 178 0
27 173 1
27 180 0
27 183 0
27 195 0
27 211 0
27 215 0
27 200 0
27 203 0
27 202 0
27 196 0
27 212 0
27 67 1
27 221 0
27 227 0
27 228 0
27 226 0
27 220 0
27 233 0
27 232 0
27 236 0
27 238 1
27 239 0
27 191 1
27 241 1
27 244 0
27 242 0
27 247 0
27 206 0
27 248 0
27 249 0
32 17 1
32 26 0
32 30 0
32 21 0
32 23 1
32 40 0
32 216 0
32 55 0
32 45 1
32 39 0
32 46 0
32 49 1
32 54 1
32 59 0
32 60 0
32 83 0
32 61 0
32 64 1
32 4 0
32 65 1
32 70 0
32 66 0
32 209 0
32 71 0
32 75 0
32 74 0
32 76 0
32 80 0
32 235 0
32 82 0
32 84 0
32 81 0
32 86 0
32 91 1
32 90 0
32 95 0
32 100 0
32 99 1
32 56 0
32 96 0
32 101 0
32 104 0
32 107 0
32 109 0
32 103 0
32 102 0
32 110 0
32 111 0
32 114 0
32 112 0
32 116 0
32 38 0
32 50 0
32 119 0
32 120 0
32 42 0
32 115 0
32 122 0
32 124 0
32 188 1
32 210 0
32 126 0
32 129 0
32 130 0
32 123 0
32 151 0
32 146 0
32 149 0
32 133 0
32 132 0
32 137 0
32 148 0
32 131 0
32 165 0
32 141 0
32 138 0
32 142 0
32 144 1
32 135 0
32 152 0
32 158 0
32 162 0
32 160 1
32 157 0
32 166 0
32 156 0
32 159 0
32 167 0
32 171 1
32 174 1
32 78 0
32 172 0
32 175 0
32 168 0
32 177 0
32 178 0
32 173 1
32 180 0
32 183 0
32 195 0
32 211 0
32 215 0
32 200 0
32 203 0
32 202 0
32 196 0
32 212 0
32 67 1
32 221 0
32 227 0
32 228 0
32 226 0
32 220 0
32 233 0
32 232 0
32 236 0
32 238 1
32 239 0
32 191 1
32 241 1
32 244 0
32 242 0
32 247 0
32 206 0
32 248 0
32 249 0
17 26 0
17 30 0
17 21 0
17 23 1
17 40 0
17 216 0
17 55 0
17 45 1
17 39 0
17 46 0
17 49 1
17 54 1
17 59 0
17 60 0
17 83 0
17 61 0
17 64 1
17 4 0
17 65 1
17 70 0
17 66 0
17 209 0
17 71 0
17 75 0
17 74 0
17 76 0
17 80 0
17 235 0
17 82 0
17 84 0
17 81 0
17 86 0
17 91 1
17 90 0
17 95 0
17 100 0
17 99 1
17 56 0
17 96 0
17 101 0
17 104 0
17 107 0
17 109 0
17 103 0
17 102 0
17 110 0
17 111 0
17 114 0
17 112 0
17 116 0
17 38 0
17 50 0
17 119 0
17 120 0
17 42 0
17 115 0
17 122 0
17 124 0
17 188 1
17 210 0
17 126 0
17 129 0
17 130 0
17 123 0
17 151 0
17 146 0
17 149 0
17 133 0
17 132 0
17 137 0
17 148 0
17 131 0
17 165 0
17 141 0
17 138 0
17 142 0
17 144 1
17 135 0
17 152 0
17 158 0
17 162 0
17 160 1
17 157 0
17 166 0
17 156 0
17 159 0
17 167 0
17 171 1
17 174 1
17 78 0
17 172 0
17 175 0
17 168 0
17 177 0
17 178 0
17 173 1
17 180 0
17 183 0
17 195 0
17 211 0
17 215 0
17 200 0
17 203 0
17 202 0
17 196 0
17 212 0
17 67 1
17 221 0
17 227 0
17 228 0
17 226 0
17 220 0
17 233 0
17 232 0
17 236 0
17 238 1
17 239 0
17 191 1
17 241 1
17 244 0
17 242 0
17 247 0
17 206 0
17 248 0
17 249 0
26 30 0
26 21 0
26 23 0
26 40 0
26 216 0
26 55 0
26 45 0
26 39 0
26 46 0
26 49 0
26 54 0
26 59 0
26 60 0
26 83 0
26 61 0
26 64 0
26 4 0
26 65 0
26 70 0
26 66 0
26 209 0
26 71 0
26 75 0
26 74 0
26 76 0
26 80 0
26 235 0
26 82 0
26 84 0
26 81 0
26 86 0
26 91 0
26 90 0
26 95 0
26 100 0
26 99 0
26 56 0
26 96 0
26 101 0
26 104 0
26 107 0
26 109 0
26 103 0
26 110 0
26 111 0
26 114 0
26 112 0
26 116 0
26 38 0
26 50 0
26 119 0
26 120 0
26 42 0
26 115 0
26 122 0
26 124 0
26 188 0
26 210 0
26 126 0
26 129 0
26 130 0
26 123 0
26 151 0
26 146 0
26 149 0
26 133 0
26 132 0
26 137 0
26 148 0
26 131 0
26 165 0
26 141 0
26 138 0
26 142 0
26 144 0
26 135 0
26 152 0
26 158 0
26 162 0
26 160 0
26 157 0
26 166 0
26 156 0
26 159 0
26 167 0
26 171 0
26 174 0
26 78 0
26 172 0
26 175 0
26 168 0
26 177 0
26 178 0
26 173 0
26 180 0
26 183 0
26 195 0
26 211 0
26 215 0
26 200 0
26 203 0
26 202 0
26 196 0
26 212 0
26 67 0
26 221 0
26 227 0
26 228 0
26 226 0
26 220 0
26 233 0
26 232 0
26 236 0
26 238 0
26 239 0
26 191 0
26 241 0
26 244 0
26 242 0
26 247 0
26 206 0
26 248 0
26 249 0
30 21 0
30 23 0
30 40 0
30 216 0
30 55 1
30 45 0
30 39 1
30 46 0
30 49 0
30 54 0
30 59 0
30 60 0
30 83 0
30 61 0
30 64 0
30 4 0
30 65 0
30 70 0
30 66 0
30 209 0
30 71 0
30 75 0
30 74 0
30 76 0
30 80 1
30 235 0
30 82 0
30 84 1
30 81 0
30 86 0
30 91 0
30 90 0
30 95 0
30 100 0
30 99 0
30 56 0
30 96 0
30 101 0
30 104 0
30 107 0
30 109 0
30 103 0
30 110 0
30 111 0
30 114 0
30 112 0
30 116 1
30 38 0
30 50 1
30 119 0
30 120 0
30 42 1
30 115 0
30 122 0
30 124 0
30 188 0
30 210 0
30 126 1
30 129 0
30 130 0
30 123 0
30 151 0
30 146 0
30 149 0
30 133 1
30 132 0
30 137 0
30 148 0
30 131 0
30 165 0
30 141 1
30 138 0
30 142 1
30 144 0
30 135 0
30 152 1
30 158 0
30 162 1
30 160 0
30 157 0
30 166 0
30 156 0
30 159 0
30 167 0
30 171 0
30 174 0
30 78 0
30 172 0
30 175 0
30 168 0
30 177 0
30 178 0
30 173 0
30 180 0
30 183 0
30 195 0
30 211 0
30 215 0
30 200 0
30 203 0
30 202 0
30 196 0
30 212 1
30 67 0
30 221 0
30 227 0
30 228 0
30 226 0
30 220 1
30 233 0
30 232 1
30 236 0
30 238 0
30 239 0
30 191 0
30 241 0
30 244 0
30 242 0
30 247 0
30 206 1
30 248 1
30 249 1
21 23 0
21 40 0
21 216 0
21 55 0
21 45 0
21 39 0
21 46 0
21 49 0
21 54 0
21 59 1
21 60 0
21 83 0
21 61 0
21 64 0
21 4 0
21 65 0
21 70 0
21 66 0
21 209 0
21 71 0
21 75 0
21 74 0
21 76 0
21 80 0
21 235 0
21 82 1
21 84 0
21 81 0
21 86 1
21 91 0
21 90 0
21 95 0
21 100 0
21 99 0
21 56 0
21 96 0
21 101 0
21 104 0
21 107 0
21 109 0
21 103 0
21 102 0
21 110 0
21 111 0
21 114 0
21 112 0
21 116 0
21 38 0
21 50 0
21 119 0
21 120 0
21 42 0
21 115 1
21 122 0
21 124 0
21 188 0
21 210 0
21 126 0
21 129 0
21 130 0
21 123 0
21 151 0
21 146 1
21 149 0
21 133 0
21 132 1
21 137 0
21 148 0
21 131 0
21 165 0
21 141 0
21 138 0
21 142 0
21 144 0
21 135 0
21 152 0
21 158 0
21 162 0
21 160 0
21 157 0
21 166 0
21 156 0
21 159 0
21 167 0
21 171 0
21 174 0
21 78 0
21 172 0
21 175 0
21 168 0
21 177 0
21 178 0
21 173 0
21 180 0
21 183 1
21 195 0
21 211 0
21 215 0
21 200 0
21 203 0
21 202 0
21 196 0
21 212 0
21 67 0
21 221 0
21 227 0
21 228 0
21 226 0
21 220 0
21 233 1
21 232 0
21 236 0
21 238 0
21 239 0
21 191 0
21 241 0
21 244 0
21 242 0
21 247 0
21 206 0
21 248 0
21 249 0
23 40 0
23 216 0
23 55 0
23 45 1
23 39 0
23 46 0
23 49 1
23 54 1
23 59 0
23 60 0
23 83 0
23 61 0
23 64 1
23 4 0
23 65 1
23 70 0
23 66 0
23 209 0
23 71 0
23 75 0
23 74 0
23 76 0
23 80 0
23 235 0
23 82 0
23 84 0
23 81 0
23 86 0
23 91 1
23 90 0
23 95 0
23 100 0
23 99 1
23 56 0
23 96 0
23 101 0
23 104 0
23 107 0
23 109 0
23 103 0
23 110 0
23 111 0
23 114 0
23 112 0
23 116 0
23 38 0
23 50 0
23 119 0
23 120 0
23 42 0
23 115 0
23 122 0
23 124 0
23 188 1
23 210 0
23 126 0
23 129 0
23 130 0
23 123 0
23 151 0
23 146 0
23 149 0
23 133 0
23 132 0
23 137 0
23 148 0
23 131 0
23 165 0
23 141 0
23 138 0
23 142 0
23 144 1
23 135 0
23 152 0
23 158 0
23 162 0
23 160 1
23 157 0
23 166 0
23 156 0
23 159 0
23 167 0
23 171 1
23 174 1
23 78 0
23 172 0
23 175 0
23 168 0
23 177 0
23 178 0
23 173 1
23 180 0
23 183 0
23 195 0
23 211 0
23 215 0
23 200 0
23 203 0
23 202 0
23 196 0
23 212 0
23 67 1
23 221 0
23 227 0
23 228 0
23 226 0
23 220 0
23 233 0
23 232 0
23 236 0
23 238 1
23 239 0
23 191 1
23 241 1
23 244 0
23 242 0
23 247 0
23 206 0
23 248 0
23 249 0
40 216 1
40 55 0
40 45 0
40 39 0
40 46 0
40 49 0
40 54 0
40 59 0
40 60 1
40 83 1
40 61 1
40 64 0
40 4 0
40 65 0
40 70 1
40 66 0
40 209 1
40 71 0
40 75 1
40 74 0
40 76 1
40 80 0
40 235 1
40 82 0
40 84 0
40 81 0
40 86 0
40 91 0
40 90 0
40 95 0
40 100 0
40 99 0
40 56 1
40 96 0
40 101 1
40 104 0
40 107 1
40 109 1
40 103 0
40 102 1
40 110 1
40 111 1
40 114 0
40 112 0
40 116 0
40 38 0
40 50 0
40 119 0
40 120 0
40 42 0
40 115 0
40 122 0
40 124 0
40 188 0
40 210 0
40 126 0
40 129 1
40 130 1
40 123 1
40 151 0
40 146 0
40 149 0
40 133 0
40 132 0
40 137 0
40 148 0
40 131 0
40 165 0
40 141 0
40 138 1
40 142 0
40 144 0
40 135 0
40 152 0
40 158 0
40 162 0
40 160 0
40 157 1
40 166 1
40 156 0
40 159 1
40 167 0
40 171 0
40 174 0
40 78 0
40 172 1
40 175 1
40 168 0
40 177 1
40 178 1
40 173 0
40 180 0
40 183 0
40 195 0
40 211 0
40 215 1
40 200 0
40 203 1
40 202 1
40 196 0
40 212 0
40 67 0
40 221 0
40 227 0
40 228 0
40 226 1
40 220 0
40 233 0
40 232 0
40 236 1
40 238 0
40 239 0
40 191 0
40 241 0
40 244 0
40 242 0
40 247 0
40 206 0
40 248 0
40 249 0
216 55 0
216 45 0
216 39 0
216 46 0
216 49 0
216 54 0
216 59 0
216 60 1
216 83 1
216 61 1
216 64 0
216 4 0
216 65 0
216 70 1
216 66 0
216 209 1
216 71 0
216 75 1
216 74 0
216 76 1
216 80 0
216 235 1
216 82 0
216 84 0
216 81 0
216 86 0
216 91 0
216 90 0
216 95 0
216 100 0
216 99 0
216 56 1
216 96 0
216 101 1
216 104 0
216 107 1
216 109 1
216 103 0
216 102 1
216 110 1
216 111 1
216 114 0
216 112 0
216 116 0
216 38 0
216 50 0
216 119 0
216 120 0
216 42 0
216 115 0
216 122 0
216 124 0
216 188 0
216 210 0
216 126 0
216 129 1
216 130 1
216 123 1
216 151 0
216 146 0
216 149 0
216 133 0
216 132 0
216 137 0
216 148 0
216 131 0
216 165 0
216 141 0
216 138 1
216 142 0
216 144 0
216 135 0
216 152 0
216 158 0
216 162 0
216 160 0
216 157 1
216 166 1
216 156 0
216 159 1
216 167 0
216 171 0
216 174 0
216 78 0
216 172 1
216 175 1
216 168 0
216 177 1
216 178 1
216 173 0
216 180 0
216 183 0
216 195 0
216 211 0
216 215 1
216 200 0
216 203 1
216 202 1
216 196 0
216 212 0
216 67 0
216 221 0
216 227 0
216 228 0
216 226 1
216 220 0
216 233 0
216 232 0
216 236 1
216 238 0
216 239 0
216 191 0
216 241 0
216 244 0
216 242 0
216 247 0
216 206 0
216 248 0
216 249 0
55 45 0
55 39 1
55 46 0
55 49 0
55 54 0
55 59 0
55 60 0
55 83 0
55 61 0
55 64 0
55 4 0
55 65 0
55 70 0
55 66 0
55 209 0
55 71 0
55 75 0
55 74 0
55 76 0
55 80 1
55 235 0
55 82 0
55 84 1
55 81 0
55 86 0
55 91 0
55 90 0
55 95 0
55 100 0
55 99 0
55 56 0
55 96 0
55 101 0
55 104 0
55 107 0
55 109 0
55 103 0
55 110 0
55 111 0
55 114 0
55 112 0
55 116 1
55 38 0
55 50 1
55 119 0
55 120 0
55 42 1
55 115 0
55 122 0
55 124 0
55 188 0
55 210 0
55 126 1
55 129 0
55 130 0
55 123 0
55 151 0
55 146 0
55 149 0
55 133 1
55 132 0
55 137 0
55 148 0
55 131 0
55 165 0
55 141 1
55 138 0
55 142 1
55 144 0
55 135 0
55 152 1
55 158 0
55 162 1
55 160 0
55 157 0
55 166 0
55 156 0
55 159 0
55 167 0
55 171 0
55 174 0
55 78 0
55 172 0
55 175 0
55 168 0
55 177 0
55 178 0
55 173 0
55 180 0
55 183 0
55 195 0
55 211 0
55 215 0
55 200 0
55 203 0
55 202 0
55 196 0
55 212 1
55 67 0
55 221 0
55 227 0
55 228 0
55 226 0
55 220 1
55 233 0
55 232 1
55 236 0
55 238 0
55 239 0
55 191 0
55 241 0
55 244 0
55 242 0
55 247 0
55 206 1
55 248 1
55 249 1
45 39 0
45 46 0
45 49 1
45 54 1
45 59 0
45 60 0
45 83 0
45 61 0
45 64 1
45 4 0
45 65 1
45 70 0
45 66 0
45 209 0
45 71 0
45 75 0
45 74 0
45 76 0
45 80 0
45 235 0
45 82 0
45 84 0
45 81 0
45 86 0
45 91 1
45 90 0
45 95 0
45 100 0
45 99 1
45 56 0
45 96 0
45 101 0
45 104 0
45 107 0
45 109 0
45 103 0
45 102 0
45 110 0
45 111 0
45 114 0
45 112 0
45 116 0
45 38 0
45 50 0
45 119 0
45 120 0
45 42 0
45 115 0
45 122 0
45 124 0
45 188 1
45 210 0
45 126 0
45 129 0
45 130 0
45 123 0
45 151 0
45 146 0
45 149 0
45 133 0
45 132 0
45 137 0
45 148 0
45 131 0
45 165 0
45 141 0
45 138 0
45 142 0
45 144 1
45 135 0
45 152 0
45 158 0
45 162 0
45 160 1
45 157 0
45 166 0
45 156 0
45 159 0
45 167 0
45 171 1
45 174 1
45 78 0
45 172 0
45 175 0
45 168 0
45 177 0
45 178 0
45 173 1
45 180 0
45 183 0
45 195 0
45 211 0
45 215 0
45 200 0
45 203 0
45 202 0
45 196 0
45 212 0
45 67 1
45 221 0
45 227 0
45 228 0
45 226 0
45 220 0
45 233 0
45 232 0
45 236 0
45 238 1
45 239 0
45 191 1
45 241 1
45 244 0
45 242 0
45 247 0
45 206 0
45 248 0
45 249 0
39 46 0
39 49 0
39 54 0
39 59 0
39 60 0
39 83 0
39 61 0
39 64 0
39 4 0
39 65 0
39 70 0
39 66 0
39 209 0
39 71 0
39 75 0
39 74 0
39 76 0
39 80 1
39 235 0
39 82 0
39 84 1
39 81 0
39 86 0
39 91 0
39 90 0
39 95 0
39 100 0
39 99 0
39 56 0
39 96 0
39 101 0
39 104 0
39 107 0
39 109 0
39 103 0
39 110 0
39 111 0
39 114 0
39 112 0
39 116 1
39 38 0
39 50 1
39 119 0
39 120 0
39 42 1
39 115 0
39 122 0
39 124 0
39 188 0
39 210 0
39 126 1
39 129 0
39 130 0
39 123 0
39 151 0
39 146 0
39 149 0
39 133 1
39 132 0
39 137 0
39 148 0
39 131 0
39 165 0
39 141 1
39 138 0
39 142 1
39 144 0
39 135 0
39 152 1
39 158 0
39 162 1
39 160 0
39 157 0
39 166 0
39 156 0
39 159 0
39 167 0
39 171 0
39 174 0
39 78 0
39 172 0
39 175 0
39 168 0
39 177 0
39 178 0
39 173 0
39 180 0
39 183 0
39 195 0
39 211 0
39 215 0
39 200 0
39 203 0
39 202 0
39 196 0
39 212 1
39 67 0
39 221 0
39 227 0
39 228 0
39 226 0
39 220 1
39 233 0
39 232 1
39 236 0
39 238 0
39 239 0
39 191 0
39 241 0
39 244 0
39 242 0
39 247 0
39 206 1
39 248 1
39 249 1
46 49 0
46 54 0
46 59 0
46 60 0
46 83 0
46 61 0
46 64 0
46 4 0
46 65 0
46 70 0
46 66 0
46 209 0
46 71 0
46 75 0
46 74 0
46 76 0
46 80 0
46 235 0
46 82 0
46 84 0
46 81 0
46 86 0
46 91 0
46 90 0
46 95 0
46 100 1
46 99 0
46 56 0
46 96 0
46 101 0
46 104 0
46 107 0
46 109 0
46 103 0
46 102 0
46 110 0
46 111 0
46 114 0
46 112 0
46 116 0
46 38 0
46 50 0
46 119 1
46 120 0
46 42 0
46 115 0
46 122 0
46 124 0
46 188 0
46 210 0
46 126 0
46 129 0
46 130 0
46 123 0
46 151 0
46 146 0
46 149 0
46 133 0
46 132 0
46 137 0
46 148 0
46 131 1
46 165 0
46 141 0
46 138 0
46 142 0
46 144 0
46 135 0
46 152 0
46 158 0
46 162 0
46 160 0
46 157 0
46 166 0
46 156 0
46 159 0
46 167 0
46 171 0
46 174 0
46 78 0
46 172 0
46 175 0
46 168 0
46 177 0
46 178 0
46 173 0
46 180 0
46 183 0
46 195 0
46 211 0
46 215 0
46 200 0
46 203 0
46 202 0
46 196 0
46 212 0
46 67 0
46 221 0
46 227 0
46 228 0
46 226 0
46 220 0
46 233 0
46 232 0
46 236 0
46 238 0
46 239 0
46 191 0
46 241 0
46 244 0
46 242 1
46 247 0
46 206 0
46 248 0
46 249 0
49 54 1
49 59 0
49 60 0
49 83 0
49 61 0
49 64 1
49 4 0
49 65 1
49 70 0
49 66 0
49 209 0
49 71 0
49 75 0
49 74 0
49 76 0
49 80 0
49 235 0
49 82 0
49 84 0
49 81 0
49 86 0
49 91 1
49 90 0
49 95 0
49 100 0
49 99 1
49 56 0
49 96 0
49 101 0
49 104 0
49 107 0
49 109 0
49 103 0
49 102 0
49 110 0
49 111 0
49 114 0
49 112 0
49 116 0
49 38 0
49 50 0
49 119 0
49 120 0
49 42 0
49 115 0
49 122 0
49 124 0
49 188 1
49 210 0
49 126 0
49 129 0
49 130 0
49 123 0
49 151 0
49 146 0
49 149 0
49 133 0
49 132 0
49 137 0
49 148 0
49 131 0
49 165 0
49 141 0
49 138 0
49 142 0
49 144 1
49 135 0
49 152 0
49 158 0
49 162 0
49 160 1
49 157 0
49 166 0
49 156 0
49 159 0
49 167 0
49 171 1
49 174 1
49 78 0
49 172 0
49 175 0
49 168 0
49 177 0
49 178 0
49 173 1
49 180 0
49 183 0
49 195 0
49 211 0
49 215 0
49 200 0
49 203 0
49 202 0
49 196 0
49 212 0
49 67 1
49 221 0
49 227 0
49 228 0
49 226 0
49 220 0
49 233 0
49 232 0
49 236 0
49 238 1
49 239 0
49 191 1
49 241 1
49 244 0
49 242 0
49 247 0
49 206 0
49 248 0
49 249 0
54 59 0
54 60 0
54 83 0
54 61 0
54 64 1
54 4 0
54 65 1
54 70 0
54 66 0
54 209 0
54 71 0
54 75 0
54 74 0
54 76 0
54 80 0
54 235 0
54 82 0
54 84 0
54 81 0
54 86 0
54 91 1
54 90 0
54 95 0
54 100 0
54 99 1
54 56 0
54 96 0
54 101 0
54 104 0
54 107 0
54 109 0
54 103 0
54 102 0
54 110 0
54 111 0
54 114 0
54 112 0
54 116 0
54 38 0
54 50 0
54 119 0
54 120 0
54 42 0
54 115 0
54 122 0
54 124 0
54 188 1
54 210 0
54 126 0
54 129 0
54 130 0
54 123 0
54 151 0
54 146 0
54 149 0
54 133 0
54 132 0
54 137 0
54 148 0
54 131 0
54 165 0
54 141 0
54 138 0
54 142 0
54 144 1
54 135 0
54 152 0
54 158 0
54 162 0
54 160 1
54 157 0
54 166 0
54 156 0
54 159 0
54 167 0
54 171 1
54 174 1
54 78 0
54 172 0
54 175 0
54 168 0
54 177 0
54 178 0
54 173 1
54 180 0
54 183 0
54 195 0
54 211 0
54 215 0
54 200 0
54 203 0
54 202 0
54 196 0
54 212 0
54 67 1
54 221 0
54 227 0
54 228 0
54 226 0
54 220 0
54 233 0
54 232 0
54 236 0
54 238 1
54 239 0
54 191 1
54 241 1
54 244 0
54 242 0
54 247 0
54 206 0
54 248 0
54 249 0
59 60 0
59 83 0
59 61 0
59 64 0
59 4 0
59 65 0
59 70 0
59 66 0
59 209 0
59 71 0
59 75 0
59 74 0
59 76 0
59 80 0
59 235 0
59 82 1
59 84 0
59 81 0
59 86 1
59 91 0
59 90 0
59 95 0
59 100 0
59 99 0
59 56 0
59 96 0
59 101 0
59 104 0
59 107 0
59 109 0
59 103 0
59 102 0
59 110 0
59 111 0
59 114 0
59 112 0
59 116 0
59 38 0
59 50 0
59 119 0
59 120 0
59 42 0
59 115 1
59 122 0
59 124 0
59 188 0
59 210 0
59 126 0
59 129 0
59 130 0
59 123 0
59 151 0
59 146 1
59 149 0
59 133 0
59 132 1
59 137 0
59 148 0
59 131 0
59 165 0
59 141 0
59 138 0
59 142 0
59 144 0
59 135 0
59 152 0
59 158 0
59 162 0
59 160 0
59 157 0
59 166 0
59 156 0
59 159 0
59 167 0
59 171 0
59 174 0
59 78 0
59 172 0
59 175 0
59 168 0
59 177 0
59 178 0
59 173 0
59 180 0
59 183 1
59 195 0
59 211 0
59 215 0
59 200 0
59 203 0
59 202 0
59 196 0
59 212 0
59 67 0
59 221 0
59 227 0
59 228 0
59 226 0
59 220 0
59 233 1
59 232 0
59 236 0
59 238 0
59 239 0
59 191 0
59 241 0
59 244 0
59 242 0
59 247 0
59 206 0
59 248 0
59 249 0
60 83 1
60 61 1
60 64 0
60 4 0
60 65 0
60 70 1
60 66 0
60 209 1
60 71 0
60 75 1
60 74 0
60 76 1
60 80 0
60 235 1
60 82 0
60 84 0
60 81 0
60 86 0
60 91 0
60 90 0
60 95 0
60 100 0
60 99 0
60 56 1
60 96 0
60 101 1
60 104 0
60 107 1
60 109 1
60 103 0
60 102 1
60 110 1
60 111 1
60 114 0
60 112 0
60 116 0
60 38 0
60 50 0
60 119 0
60 120 0
60 42 0
60 115 0
60 122 0
60 124 0
60 188 0
60 210 0
60 126 0
60 129 1
60 130 1
60 123 1
60 151 0
60 146 0
60 149 0
60 133 0
60 132 0
60 137 0
60 148 0
60 131 0
60 165 0
60 141 0
60 138 1
60 142 0
60 144 0
60 135 0
60 152 0
60 158 0
60 162 0
60 160 0
60 157 1
60 166 1
60 156 0
60 159 1
60 167 0
60 171 0
60 174 0
60 78 0
60 172 1
60 175 1
60 168 0
60 177 1
60 178 1
60 173 0
60 180 0
60 183 0
60 195 0
60 211 0
60 215 1
60 200 0
60 203 1
60 202 1
60 196 0
60 212 0
60 67 0
60 221 0
60 227 0
60 228 0
60 226 1
60 220 0
60 233 0
60 232 0
60 236 1
60 238 0
60 239 0
60 191 0
60 241 0
60 244 0
60 242 0
60 247 0
60 206 0
60 248 0
60 249 0
83 61 1
83 64 0
83 4 0
83 65 0
83 70 1
83 66 0
83 209 1
83 71 0
83 75 1
83 74 0
83 76 1
83 80 0
83 235 1
83 82 0
83 84 0
83 81 0
83 86 0
83 91 0
83 90 0
83 95 0
83 100 0
83 99 0
83 56 1
83 96 0
83 101 1
83 104 0
83 107 1
83 109 1
83 103 0
83 102 1
83 110 1
83 111 1
83 114 0
83 112 0
83 116 0
83 38 0
83 50 0
83 119 0
83 120 0
83 42 0
83 115 0
83 122 0
83 124 0
83 188 0
83 210 0
83 126 0
83 129 1
83 130 1
83 123 1
83 151 0
83 146 0
83 149 0
83 133 0
83 132 0
83 137 0
83 148 0
83 131 0
83 165 0
83 141 0
83 138 1
83 142 0
83 144 0
83 135 0
83 152 0
83 158 0
83 162 0
83 160 0
83 157 1
83 166 1
83 156 0
83 159 1
83 167 0
83 171 0
83 174 0
83 78 0
83 172 1
83 175 1
83 168 0
83 177 1
83 178 1
83 173 0
83 180 0
83 183 0
83 195 0
83 211 0
83 215 1
83 200 0
83 203 1
83 202 1
83 196 0
83 212 0
83 67 0
83 221 0
83 227 0
83 228 0
83 226 1
83 220 0
83 233 0
83 232 0
83 236 1
83 238 0
83 239 0
83 191 0
83 241 0
83 244 0
83 242 0
83 247 0
83 206 0
83 248 0
83 249 0
61 64 0
61 4 0
61 65 0
61 70 1
61 66 0
61 209 1
61 71 0
61 75 1
61 74 0
61 76 1
61 80 0
61 235 1
61 82 0
61 84 0
61 81 0
61 86 0
61 91 0
61 90 0
61 95 0
61 100 0
61 99 0
61 56 1
61 96 0
61 101 1
61 104 0
61 107 1
61 109 1
61 103 0
61 102 1
61 110 1
61 111 1
61 114 0
61 112 0
61 116 0
61 38 0
61 50 0
61 119 0
61 120 0
61 42 0
61 115 0
61 122 0
61 124 0
61 188 0
61 210 0
61 126 0
61 129 1
61 130 1
61 123 1
61 151 0
61 146 0
61 149 0
61 133 0
61 132 0
61 137 0
61 148 0
61 131 0
61 165 0
61 141 0
61 138 1
61 142 0
61 144 0
61 135 0
61 152 0
61 158 0
61 162 0
61 160 0
61 157 1
61 166 1
61 156 0
61 159 1
61 167 0
61 171 0
61 174 0
61 78 0
61 172 1
61 175 1
61 168 0
61 177 1
61 178 1
61 173 0
61 180 0
61 183 0
61 195 0
61 211 0
61 215 1
61 200 0
61 203 1
61 202 1
61 196 0
61 212 0
61 67 0
61 221 0
61 227 0
61 228 0
61 226 1
61 220 0
61 233 0
61 232 0
61 236 1
61 238 0
61 239 0
61 191 0
61 241 0
61 244 0
61 242 0
61 247 0
61 206 0
61 248 0
61 249 0
64 4 0
64 65 1
64 70 0
64 66 0
64 209 0
64 71 0
64 75 0
64 74 0
64 76 0
64 80 0
64 235 0
64 82 0
64 84 0
64 81 0
64 86 0
64 91 1
64 90 0
64 95 0
64 100 0
64 99 1
64 56 0
64 96 0
64 101 0
64 104 0
64 107 0
64 109 0
64 103 0
64 102 0
64 110 0
64 111 0
64 114 0
64 112 0
64 116 0
64 38 0
64 50 0
64 119 0
64 120 0
64 42 0
64 115 0
64 122 0
64 124 0
64 188 1
64 210 0
64 126 0
64 129 0
64 130 0
64 123 0
64 151 0
64 146 0
64 149 0
64 133 0
64 132 0
64 137 0
64 148 0
64 131 0
64 165 0
64 141 0
64 138 0
64 142 0
64 144 1
64 135 0
64 152 0
64 158 0
64 162 0
64 160 1
64 157 0
64 166 0
64 156 0
64 159 0
64 167 0
64 171 1
64 174 1
64 78 0
64 172 0
64 175 0
64 168 0
64 177 0
64 178 0
64 173 1
64 180 0
64 183 0
64 195 0
64 211 0
64 215 0
64 200 0
64 203 0
64 202 0
64 196 0
64 212 0
64 67 1
64 221 0
64 227 0
64 228 0
64 226 0
64 220 0
64 233 0
64 232 0
64 236 0
64 238 1
64 239 0
64 191 1
64 241 1
64 244 0
64 242 0
64 247 0
64 206 0
64 248 0
64 249 0
4 65 0
4 70 0
4 66 1
4 209 0
4 71 0
4 75 0
4 74 0
4 76 0
4 80 0
4 235 0
4 82 0
4 84 0
4 81 1
4 86 0
4 91 0
4 90 0
4 95 0
4 100 0
4 99 0
4 56 0
4 96 0
4 101 0
4 104 1
4 107 0
4 109 0
4 103 0
4 110 0
4 111 0
4 114 1
4 112 0
4 116 0
4 38 0
4 50 0
4 119 0
4 120 1
4 42 0
4 115 0
4 122 0
4 124 1
4 188 0
4 210 0
4 126 0
4 129 0
4 130 0
4 123 0
4 151 1
4 146 0
4 149 0
4 133 0
4 132 0
4 137 1
4 148 0
4 131 0
4 165 0
4 141 0
4 138 0
4 142 0
4 144 0
4 135 1
4 152 0
4 158 0
4 162 0
4 160 0
4 157 0
4 166 0
4 156 0
4 159 0
4 167 1
4 171 0
4 174 0
4 78 0
4 172 0
4 175 0
4 168 1
4 177 0
4 178 0
4 173 0
4 180 1
4 183 0
4 195 1
4 211 1
4 215 0
4 200 0
4 203 0
4 202 0
4 196 1
4 212 0
4 67 0
4 221 0
4 227 1
4 228 1
4 226 0
4 220 0
4 233 0
4 232 0
4 236 0
4 238 0
4 239 1
4 191 0
4 241 0
4 244 0
4 242 0
4 247 1
4 206 0
4 248 0
4 249 0
65 70 0
65 66 0
65 209 0
65 71 0
65 75 0
65 74 0
65 76 0
65 80 0
65 235 0
65 82 0
65 84 0
65 81 0
65 86 0
65 91 1
65 90 0
65 95 0
65 100 0
65 99 1
65 56 0
65 96 0
65 101 0
65 104 0
65 107 0
65 109 0
65 103 0
65 102 0
65 110 0
65 111 0
65 114 0
65 112 0
65 116 0
65 38 0
65 50 0
65 119 0
65 120 0
65 42 0
65 115 0
65 122 0
65 124 0
65 188 1
65 210 0
65 126 0
65 129 0
65 130 0
65 123 0
65 151 0
65 146 0
65 149 0
65 133 0
65 132 0
65 137 0
65 148 0
65 131 0
65 165 0
65 141 0
65 138 0
65 142 0
65 144 1
65 135 0
65 152 0
65 158 0
65 162 0
65 160 1
65 157 0
65 166 0
65 156 0
65 159 0
65 167 0
65 171 1
65 174 1
65 78 0
65 172 0
65 175 0
65 168 0
65 177 0
65 178 0
65 173 1
65 180 0
65 183 0
65 195 0
65 211 0
65 215 0
65 200 0
65 203 0
65 202 0
65 196 0
65 212 0
65 67 1
65 221 0
65 227 0
65 228 0
65 226 0
65 220 0
65 233 0
65 232 0
65 236 0
65 238 1
65 239 0
65 191 1
65 241 1
65 244 0
65 242 0
65 247 0
65 206 0
65 248 0
65 249 0
70 66 0
70 209 1
70 71 0
70 75 1
70 74 0
70 76 1
70 80 0
70 235 1
70 82 0
70 84 0
70 81 0
70 86 0
70 91 0
70 90 0
70 95 0
70 100 0
70 99 0
70 56 1
70 96 0
70 101 1
70 104 0
70 107 1
70 109 1
70 103 0
70 102 1
70 110 1
70 111 1
70 114 0
70 112 0
70 116 0
70 38 0
70 50 0
70 119 0
70 120 0
70 42 0
70 115 0
70 122 0
70 124 0
70 188 0
70 210 0
70 126 0
70 129 1
70 130 1
70 123 1
70 151 0
70 146 0
70 149 0
70 133 0
70 132 0
70 137 0
70 148 0
70 131 0
70 165 0
70 141 0
70 138 1
70 142 0
70 144 0
70 135 0
70 152 0
70 158 0
70 162 0
70 160 0
70 157 1
70 166 1
70 156 0
70 159 1
70 167 0
70 171 0
70 174 0
70 78 0
70 172 1
70 175 1
70 168 0
70 177 1
70 178 1
70 173 0
70 180 0
70 183 0
70 195 0
70 211 0
70 215 1
70 200 0
70 203 1
70 202 1
70 196 0
70 212 0
70 67 0
70 221 0
70 227 0
70 228 0
70 226 1
70 220 0
70 233 0
70 232 0
70 236 1
70 238 0
70 239 0
70 191 0
70 241 0
70 244 0
70 242 0
70 247 0
70 206 0
70 248 0
70 249 0
66 209 0
66 71 0
66 75 0
66 74 0
66 76 0
66 80 0
66 235 0
66 82 0
66 84 0
66 81 1
66 86 0
66 91 0
66 90 0
66 95 0
66 100 0
66 99 0
66 56 0
66 96 0
66 101 0
66 104 1
66 107 0
66 109 0
66 103 0
66 102 0
66 110 0
66 111 0
66 114 1
66 112 0
66 116 0
66 38 0
66 50 0
66 119 0
66 120 1
66 42 0
66 115 0
66 122 0
66 124 1
66 188 0
66 210 0
66 126 0
66 129 0
66 130 0
66 123 0
66 151 1
66 146 0
66 149 0
66 133 0
66 132 0
66 137 1
66 148 0
66 131 0
66 165 0
66 141 0
66 138 0
66 142 0
66 144 0
66 135 1
66 152 0
66 158 0
66 162 0
66 160 0
66 157 0
66 166 0
66 156 0
66 159 0
66 167 1
66 171 0
66 174 0
66 78 0
66 172 0
66 175 0
66 168 1
66 177 0
66 178 0
66 173 0
66 180 1
66 183 0
66 195 1
66 211 1
66 215 0
66 200 0
66 203 0
66 202 0
66 196 1
66 212 0
66 67 0
66 221 0
66 227 1
66 228 1
66 226 0
66 220 0
66 233 0
66 232 0
66 236 0
66 238 0
66 239 1
66 191 0
66 241 0
66 244 0
66 242 0
66 247 1
66 206 0
66 248 0
66 249 0
209 71 0
209 75 1
209 74 0
209 76 1
209 80 0
209 235 1
209 82 0
209 84 0
209 81 0
209 86 0
209 91 0
209 90 0
209 95 0
209 100 0
209 99 0
209 56 1
209 96 0
209 101 1
209 104 0
209 107 1
209 109 1
209 103 0
209 102 1
209 110 1
209 111 1
209 114 0
209 112 0
209 116 0
209 38 0
209 50 0
209 119 0
209 120 0
209 42 0
209 115 0
209 122 0
209 124 0
209 188 0
209 210 0
209 126 0
209 129 1
209 130 1
209 123 1
209 151 0
209 146 0
209 149 0
209 133 0
209 132 0
209 137 0
209 148 0
209 131 0
209 165 0
209 141 0
209 138 1
209 142 0
209 144 0
209 135 0
209 152 0
209 158 0
209 162 0
209 160 0
209 157 1
209 166 1
209 156 0
209 159 1
209 167 0
209 171 0
209 174 0
209 78 0
209 172 1
209 175 1
209 168 0
209 177 1
209 178 1
209 173 0
209 180 0
209 183 0
209 195 0
209 211 0
209 215 1
209 200 0
209 203 1
209 202 1
209 196 0
209 212 0
209 67 0
209 221 0
209 227 0
209 228 0
209 226 1
209 220 0
209 233 0
209 232 0
209 236 1
209 238 0
209 239 0
209 191 0
209 241 0
209 244 0
209 242 0
209 247 0
209 206 0
209 248 0
209 249 0
71 75 0
71 74 1
71 76 0
71 80 0
71 235 0
71 82 0
71 84 0
71 81 0
71 86 0
71 91 0
71 90 1
71 95 1
71 100 0
71 99 0
71 56 0
71 96 1
71 101 0
71 104 0
71 107 0
71 109 0
71 103 0
71 110 0
71 111 0
71 114 0
71 112 1
71 116 0
71 38 0
71 50 0
71 119 0
71 120 0
71 42 0
71 115 0
71 122 0
71 124 0
71 188 0
71 210 0
71 126 0
71 129 0
71 130 0
71 123 0
71 151 0
71 146 0
71 149 0
71 133 0
71 132 0
71 137 0
71 148 0
71 131 0
71 165 1
71 141 0
71 138 0
71 142 0
71 144 0
71 135 0
71 152 0
71 158 1
71 162 0
71 160 0
71 157 0
71 166 0
71 156 0
71 159 0
71 167 0
71 171 0
71 174 0
71 78 1
71 172 0
71 175 0
71 168 0
71 177 0
71 178 0
71 173 0
71 180 0
71 183 0
71 195 0
71 211 0
71 215 0
71 200 0
71 203 0
71 202 0
71 196 0
71 212 0
71 67 0
71 221 0
71 227 0
71 228 0
71 226 0
71 220 0
71 233 0
71 232 0
71 236 0
71 238 0
71 239 0
71 191 0
71 241 0
71 244 1
71 242 0
71 247 0
71 206 0
71 248 0
71 249 0
75 74 0
75 76 1
75 80 0
75 235 1
75 82 0
75 84 0
75 81 0
75 86 0
75 91 0
75 90 0
75 95 0
75 100 0
75 99 0
75 56 1
75 96 0
75 101 1
75 104 0
75 107 1
75 109 1
75 103 0
75 102 1
75 110 1
75 111 1
75 114 0
75 112 0
75 116 0
75 38 0
75 50 0
75 119 0
75 120 0
75 42 0
75 115 0
75 122 0
75 124 0
75 188 0
75 210 0
75 126 0
75 129 1
75 130 1
75 123 1
75 151 0
75 146 0
75 149 0
75 133 0
75 132 0
75 137 0
75 148 0
75 131 0
75 165 0
75 141 0
75 138 1
75 142 0
75 144 0
75 135 0
75 152 0
75 158 0
75 162 0
75 160 0
75 157 1
75 166 1
75 156 0
75 159 1
75 167 0
75 171 0
75 174 0
75 78 0
75 172 1
75 175 1
75 168 0
75 177 1
75 178 1
75 173 0
75 180 0
75 183 0
75 195 0
75 211 0
75 215 1
75 200 0
75 203 1
75 202 1
75 196 0
75 212 0
75 67 0
75 221 0
75 227 0
75 228 0
75 226 1
75 220 0
75 233 0
75 232 0
75 236 1
75 238 0
75 239 0
75 191 0
75 241 0
75 244 0
75 242 0
75 247 0
75 206 0
75 248 0
75 249 0
74 76 0
74 80 0
74 235 0
74 82 0
74 84 0
74 81 0
74 86 0
74 91 0
74 90 1
74 95 1
74 100 0
74 99 0
74 56 0
74 96 1
74 101 0
74 104 0
74 107 0
74 109 0
74 103 0
74 110 0
74 111 0
74 114 0
74 112 1
74 116 0
74 38 0
74 50 0
74 119 0
74 120 0
74 42 0
74 115 0
74 122 0
74 124 0
74 188 0
74 210 0
74 126 0
74 129 0
74 130 0
74 123 0
74 151 0
74 146 0
74 149 0
74 133 0
74 132 0
74 137 0
74 148 0
74 131 0
74 165 1
74 141 0
74 138 0
74 142 0
74 144 0
74 135 0
74 152 0
74 158 1
74 162 0
74 160 0
74 157 0
74 166 0
74 156 0
74 159 0
74 167 0
74 171 0
74 174 0
74 78 1
74 172 0
74 175 0
74 168 0
74 177 0
74 178 0
74 173 0
74 180 0
74 183 0
74 195 0
74 211 0
74 215 0
74 200 0
74 203 0
74 202 0
74 196 0
74 212 0
74 67 0
74 221 0
74 227 0
74 228 0
74 226 0
74 220 0
74 233 0
74 232 0
74 236 0
74 238 0
74 239 0
74 191 0
74 241 0
74 244 1
74 242 0
74 247 0
74 206 0
74 248 0
74 249 0
76 80 0
76 235 1
76 82 0
76 84 0
76 81 0
76 86 0
76 91 0
76 90 0
76 95 0
76 100 0
76 99 0
76 56 1
76 96 0
76 101 1
76 104 0
76 107 1
76 109 1
76 103 0
76 102 1
76 110 1
76 111 1
76 114 0
76 112 0
76 116 0
76 38 0
76 50 0
76 119 0
76 120 0
76 42 0
76 115 0
76 122 0
76 124 0
76 188 0
76 210 0
76 126 0
76 129 1
76 130 1
76 123 1
76 151 0
76 146 0
76 149 0
76 133 0
76 132 0
76 137 0
76 148 0
76 131 0
76 165 0
76 141 0
76 138 1
76 142 0
76 144 0
76 135 0
76 152 0
76 158 0
76 162 0
76 160 0
76 157 1
76 166 1
76 156 0
76 159 1
76 167 0
76 171 0
76 174 0
76 78 0
76 172 1
76 175 1
76 168 0
76 177 1
76 178 1
76 173 0
76 180 0
76 183 0
76 195 0
76 211 0
76 215 1
76 200 0
76 203 1
76 202 1
76 196 0
76 212 0
76 67 0
76 221 0
76 227 0
76 228 0
76 226 1
76 220 0
76 233 0
76 232 0
76 236 1
76 238 0
76 239 0
76 191 0
76 241 0
76 244 0
76 242 0
76 247 0
76 206 0
76 248 0
76 249 0
80 235 0
80 82 0
80 84 1
80 81 0
80 86 0
80 91 0
80 90 0
80 95 0
80 100 0
80 99 0
80 56 0
80 96 0
80 101 0
80 104 0
80 107 0
80 109 0
80 103 0
80 110 0
80 111 0
80 114 0
80 112 0
80 116 1
80 38 0
80 50 1
80 119 0
80 120 0
80 42 1
80 115 0
80 122 0
80 124 0
80 188 0
80 210 0
80 126 1
80 129 0
80 130 0
80 123 0
80 151 0
80 146 0
80 149 0
80 133 1
80 132 0
80 137 0
80 148 0
80 131 0
80 165 0
80 141 1
80 138 0
80 142 1
80 144 0
80 135 0
80 152 1
80 158 0
80 162 1
80 160 0
80 157 0
80 166 0
80 156 0
80 159 0
80 167 0
80 171 0
80 174 0
80 78 0
80 172 0
80 175 0
80 168 0
80 177 0
80 178 0
80 173 0
80 180 0
80 183 0
80 195 0
80 211 0
80 215 0
80 200 0
80 203 0
80 202 0
80 196 0
80 212 1
80 67 0
80 221 0
80 227 0
80 228 0
80 226 0
80 220 1
80 233 0
80 232 1
80 236 0
80 238 0
80 239 0
80 191 0
80 241 0
80 244 0
80 242 0
80 247 0
80 206 1
80 248 1
80 249 1
235 82 0
235 84 0
235 81 0
235 86 0
235 91 0
235 90 0
235 95 0
235 100 0
235 99 0
235 56 1
235 96 0
235 101 1
235 104 0
235 107 1
235 109 1
235 103 0
235 102 1
235 110 1
235 111 1
235 114 0
235 112 0
235 116 0
235 38 0
235 50 0
235 119 0
235 120 0
235 42 0
235 115 0
235 122 0
235 124 0
235 188 0
235 210 0
235 126 0
235 129 1
235 130 1
235 123 1
235 151 0
235 146 0
235 149 0
235 133 0
235 132 0
235 137 0
235 148 0
235 131 0
235 165 0
235 141 0
235 138 1
235 142 0
235 144 0
235 135 0
235 152 0
235 158 0
235 162 0
235 160 0
235 157 1
235 166 1
235 156 0
235 159 1
235 167 0
235 171 0
235 174 0
235 78 0
235 172 1
235 175 1
235 168 0
235 177 1
235 178 1
235 173 0
235 180 0
235 183 0
235 195 0
235 211 0
235 215 1
235 200 0
235 203 1
235 202 1
235 196 0
235 212 0
235 67 0
235 221 0
235 227 0
235 228 0
235 226 1
235 220 0
235 233 0
235 232 0
235 236 1
235 238 0
235 239 0
235 191 0
235 241 0
235 244 0
235 242 0
235 247 0
235 206 0
235 248 0
235 249 0
82 84 0
82 81 0
82 86 1
82 91 0
82 90 0
82 95 0
82 100 0
82 99 0
82 56 0
82 96 0
82 101 0
82 104 0
82 107 0
82 109 0
82 103 0
82 110 0
82 111 0
82 114 0
82 112 0
82 116 0
82 38 0
82 50 0
82 119 0
82 120 0
82 42 0
82 115 1
82 122 0
82 124 0
82 188 0
82 210 0
82 126 0
82 129 0
82 130 0
82 123 0
82 151 0
82 146 1
82 149 0
82 133 0
82 132 1
82 137 0
82 148 0
82 131 0
82 165 0
82 141 0
82 138 0
82 142 0
82 144 0
82 135 0
82 152 0
82 158 0
82 162 0
82 160 0
82 157 0
82 166 0
82 156 0
82 159 0
82 167 0
82 171 0
82 174 0
82 78 0
82 172 0
82 175 0
82 168 0
82 177 0
82 178 0
82 173 0
82 180 0
82 183 1
82 195 0
82 211 0
82 215 0
82 200 0
82 203 0
82 202 0
82 196 0
82 212 0
82 67 0
82 221 0
82 227 0
82 228 0
82 226 0
82 220 0
82 233 1
82 232 0
82 236 0
82 238 0
82 239 0
82 191 0
82 241 0
82 244 0
82 242 0
82 247 0
82 206 0
82 248 0
82 249 0
84 81 0
84 86 0
84 91 0
84 90 0
84 95 0
84 100 0
84 99 0
84 56 0
84 96 0
84 101 0
84 104 0
84 107 0
84 109 0
84 103 0
84 110 0
84 111 0
84 114 0
84 112 0
84 116 1
84 38 0
84 50 1
84 119 0
84 120 0
84 42 1
84 115 0
84 122 0
84 124 0
84 188 0
84 210 0
84 126 1
84 129 0
84 130 0
84 123 0
84 151 0
84 146 0
84 149 0
84 133 1
84 132 0
84 137 0
84 148 0
84 131 0
84 165 0
84 141 1
84 138 0
84 142 1
84 144 0
84 135 0
84 152 1
84 158 0
84 162 1
84 160 0
84 157 0
84 166 0
84 156 0
84 159 0
84 167 0
84 171 0
84 174 0
84 78 0
84 172 0
84 175 0
84 168 0
84 177 0
84 178 0
84 173 0
84 180 0
84 183 0
84 195 0
84 211 0
84 215 0
84 200 0
84 203 0
84 202 0
84 196 0
84 212 1
84 67 0
84 221 0
84 227 0
84 228 0
84 226 0
84 220 1
84 233 0
84 232 1
84 236 0
84 238 0
84 239 0
84 191 0
84 241 0
84 244 0
84 242 0
84 247 0
84 206 1
84 248 1
84 249 1
81 86 0
81 91 0
81 90 0
81 95 0
81 100 0
81 99 0
81 56 0
81 96 0
81 101 0
81 104 1
81 107 0
81 109 0
81 103 0
81 110 0
81 111 0
81 114 1
81 112 0
81 116 0
81 38 0
81 50 0
81 119 0
81 120 1
81 42 0
81 115 0
81 122 0
81 124 1
81 188 0
81 210 0
81 126 0
81 129 0
81 130 0
81 123 0
81 151 1
81 146 0
81 149 0
81 133 0
81 132 0
81 137 1
81 148 0
81 131 0
81 165 0
81 141 0
81 138 0
81 142 0
81 144 0
81 135 1
81 152 0
81 158 0
81 162 0
81 160 0
81 157 0
81 166 0
81 156 0
81 159 0
81 167 1
81 171 0
81 174 0
81 78 0
81 172 0
81 175 0
81 168 1
81 177 0
81 178 0
81 173 0
81 180 1
81 183 0
81 195 1
81 211 1
81 215 0
81 200 0
81 203 0
81 202 0
81 196 1
81 212 0
81 67 0
81 221 0
81 227 1
81 228 1
81 226 0
81 220 0
81 233 0
81 232 0
81 236 0
81 238 0
81 239 1
81 191 0
81 241 0
81 244 0
81 242 0
81 247 1
81 206 0
81 248 0
81 249 0
86 91 0
86 90 0
86 95 0
86 100 0
86 99 0
86 56 0
86 96 0
86 101 0
86 104 0
86 107 0
86 109 0
86 103 0
86 102 0
86 110 0
86 111 0
86 114 0
86 112 0
86 116 0
86 38 0
86 50 0
86 119 0
86 120 0
86 42 0
86 115 1
86 122 0
86 124 0
86 188 0
86 210 0
86 126 0
86 129 0
86 130 0
86 123 0
86 151 0
86 146 1
86 149 0
86 133 0
86 132 1
86 137 0
86 148 0
86 131 0
86 165 0
86 141 0
86 138 0
86 142 0
86 144 0
86 135 0
86 152 0
86 158 0
86 162 0
86 160 0
86 157 0
86 166 0
86 156 0
86 159 0
86 167 0
86 171 0
86 174 0
86 78 0
86 172 0
86 175 0
86 168 0
86 177 0
86 178 0
86 173 0
86 180 0
86 183 1
86 195 0
86 211 0
86 215 0
86 200 0
86 203 0
86 202 0
86 196 0
86 212 0
86 67 0
86 221 0
86 227 0
86 228 0
86 226 0
86 220 0
86 233 1
86 232 0
86 236 0
86 238 0
86 239 0
86 191 0
86 241 0
86 244 0
86 242 0
86 247 0
86 206 0
86 248 0
86 249 0
91 90 0
91 95 0
91 100 0
91 99 1
91 56 0
91 96 0
91 101 0
91 104 0
91 107 0
91 109 0
91 103 0
91 102 0
91 110 0
91 111 0
91 114 0
91 112 0
91 116 0
91 38 0
91 50 0
91 119 0
91 120 0
91 42 0
91 115 0
91 122 0
91 124 0
91 188 1
91 210 0
91 126 0
91 129 0
91 130 0
91 123 0
91 151 0
91 146 0
91 149 0
91 133 0
91 132 0
91 137 0
91 148 0
91 131 0
91 165 0
91 141 0
91 138 0
91 142 0
91 144 1
91 135 0
91 152 0
91 158 0
91 162 0
91 160 1
91 157 0
91 166 0
91 156 0
91 159 0
91 167 0
91 171 1
91 174 1
91 78 0
91 172 0
91 175 0
91 168 0
91 177 0
91 178 0
91 173 1
91 180 0
91 183 0
91 195 0
91 211 0
91 215 0
91 200 0
91 203 0
91 202 0
91 196 0
91 212 0
91 67 1
91 221 0
91 227 0
91 228 0
91 226 0
91 220 0
91 233 0
91 232 0
91 236 0
91 238 1
91 239 0
91 191 1
91 241 1
91 244 0
91 242 0
91 247 0
91 206 0
91 248 0
91 249 0
90 95 1
90 100 0
90 99 0
90 56 0
90 96 1
90 101 0
90 104 0
90 107 0
90 109 0
90 103 0
90 110 0
90 111 0
90 114 0
90 112 1
90 116 0
90 38 0
90 50 0
90 119 0
90 120 0
90 42 0
90 115 0
90 122 0
90 124 0
90 188 0
90 210 0
90 126 0
90 129 0
90 130 0
90 123 0
90 151 0
90 146 0
90 149 0
90 133 0
90 132 0
90 137 0
90 148 0
90 131 0
90 165 1
90 141 0
90 138 0
90 142 0
90 144 0
90 135 0
90 152 0
90 158 1
90 162 0
90 160 0
90 157 0
90 166 0
90 156 0
90 159 0
90 167 0
90 171 0
90 174 0
90 78 1
90 172 0
90 175 0
90 168 0
90 177 0
90 178 0
90 173 0
90 180 0
90 183 0
90 195 0
90 211 0
90 215 0
90 200 0
90 203 0
90 202 0
90 196 0
90 212 0
90 67 0
90 221 0
90 227 0
90 228 0
90 226 0
90 220 0
90 233 0
90 232 0
90 236 0
90 238 0
90 239 0
90 191 0
90 241 0
90 244 1
90 242 0
90 247 0
90 206 0
90 248 0
90 249 0
95 100 0
95 99 0
95 56 0
95 96 1
95 101 0
95 104 0
95 107 0
95 109 0
95 103 0
95 110 0
95 111 0
95 114 0
95 112 1
95 116 0
95 38 0
95 50 0
95 119 0
95 120 0
95 42 0
95 115 0
95 122 0
95 124 0
95 188 0
95 210 0
95 126 0
95 129 0
95 130 0
95 123 0
95 151 0
95 146 0
95 149 0
95 133 0
95 132 0
95 137 0
95 148 0
95 131 0
95 165 1
95 141 0
95 138 0
95 142 0
95 144 0
95 135 0
95 152 0
95 158 1
95 162 0
95 160 0
95 157 0
95 166 0
95 156 0
95 159 0
95 167 0
95 171 0
95 174 0
95 78 1
95 172 0
95 175 0
95 168 0
95 177 0
95 178 0
95 173 0
95 180 0
95 183 0
95 195 0
95 211 0
95 215 0
95 200 0
95 203 0
95 202 0
95 196 0
95 212 0
95 67 0
95 221 0
95 227 0
95 228 0
95 226 0
95 220 0
95 233 0
95 232 0
95 236 0
95 238 0
95 239 0
95 191 0
95 241 0
95 244 1
95 242 0
95 247 0
95 206 0
95 248 0
95 249 0
100 99 0
100 56 0
100 96 0
100 101 0
100 104 0
100 107 0
100 109 0
100 103 0
100 102 0
100 110 0
100 111 0
100 114 0
100 112 0
100 116 0
100 38 0
100 50 0
100 119 1
100 120 0
100 42 0
100 115 0
100 122 0
100 124 0
100 188 0
100 210 0
100 126 0
100 129 0
100 130 0
100 123 0
100 151 0
100 146 0
100 149 0
100 133 0
100 132 0
100 137 0
100 148 0
100 131 1
100 165 0
100 141 0
100 138 0
100 142 0
100 144 0
100 135 0
100 152 0
100 158 0
100 162 0
100 160 0
100 157 0
100 166 0
100 156 0
100 159 0
100 167 0
100 171 0
100 174 0
100 78 0
100 172 0
100 175 0
100 168 0
100 177 0
100 178 0
100 173 0
100 180 0
100 183 0
100 195 0
100 211 0
100 215 0
100 200 0
100 203 0
100 202 0
100 196 0
100 212 0
100 67 0
100 221 0
100 227 0
100 228 0
100 226 0
100 220 0
100 233 0
100 232 0
100 236 0
100 238 0
100 239 0
100 191 0
100 241 0
100 244 0
100 242 1
100 247 0
100 206 0
100 248 0
100 249 0
99 56 0
99 96 0
99 101 0
99 104 0
99 107 0
99 109 0
99 103 0
99 110 0
99 111 0
99 114 0
99 112 0
99 116 0
99 38 0
99 50 0
99 119 0
99 120 0
99 42 0
99 115 0
99 122 0
99 124 0
99 188 1
99 210 0
99 126 0
99 129 0
99 130 0
99 123 0
99 151 0
99 146 0
99 149 0
99 133 0
99 132 0
99 137 0
99 148 0
99 131 0
99 165 0
99 141 0
99 138 0
99 142 0
99 144 1
99 135 0
99 152 0
99 158 0
99 162 0
99 160 1
99 157 0
99 166 0
99 156 0
99 159 0
99 167 0
99 171 1
99 174 1
99 78 0
99 172 0
99 175 0
99 168 0
99 177 0
99 178 0
99 173 1
99 180 0
99 183 0
99 195 0
99 211 0
99 215 0
99 200 0
99 203 0
99 202 0
99 196 0
99 212 0
99 67 1
99 221 0
99 227 0
99 228 0
99 226 0
99 220 0
99 233 0
99 232 0
99 236 0
99 238 1
99 239 0
99 191 1
99 241 1
99 244 0
99 242 0
99 247 0
99 206 0
99 248 0
99 249 0
56 96 0
56 101 1
56 104 0
56 107 1
56 109 1
56 103 0
56 102 1
56 110 1
56 111 1
56 114 0
56 112 0
56 116 0
56 38 0
56 50 0
56 119 0
56 120 0
56 42 0
56 115 0
56 122 0
56 124 0
56 188 0
56 210 0
56 126 0
56 129 1
56 130 1
56 123 1
56 151 0
56 146 0
56 149 0
56 133 0
56 132 0
56 137 0
56 148 0
56 131 0
56 165 0
56 141 0
56 138 1
56 142 0
56 144 0
56 135 0
56 152 0
56 158 0
56 162 0
56 160 0
56 157 1
56 166 1
56 156 0
56 159 1
56 167 0
56 171 0
56 174 0
56 78 0
56 172 1
56 175 1
56 168 0
56 177 1
56 178 1
56 173 0
56 180 0
56 183 0
56 195 0
56 211 0
56 215 1
56 200 0
56 203 1
56 202 1
56 196 0
56 212 0
56 67 0
56 221 0
56 227 0
56 228 0
56 226 1
56 220 0
56 233 0
56 232 0
56 236 1
56 238 0
56 239 0
56 191 0
56 241 0
56 244 0
56 242 0
56 247 0
56 206 0
56 248 0
56 249 0
96 101 0
96 104 0
96 107 0
96 109 0
96 103 0
96 110 0
96 111 0
96 114 0
96 112 1
96 116 0
96 38 0
96 50 0
96 119 0
96 120 0
96 42 0
96 115 0
96 122 0
96 124 0
96 188 0
96 210 0
96 126 0
96 129 0
96 130 0
96 123 0
96 151 0
96 146 0
96 149 0
96 133 0
96 132 0
96 137 0
96 148 0
96 131 0
96 165 1
96 141 0
96 138 0
96 142 0
96 144 0
96 135 0
96 152 0
96 158 1
96 162 0
96 160 0
96 157 0
96 166 0
96 156 0
96 159 0
96 167 0
96 171 0
96 174 0
96 78 1
96 172 0
96 175 0
96 168 0
96 177 0
96 178 0
96 173 0
96 180 0
96 183 0
96 195 0
96 211 0
96 215 0
96 200 0
96 203 0
96 202 0
96 196 0
96 212 0
96 67 0
96 221 0
96 227 0
96 228 0
96 226 0
96 220 0
96 233 0
96 232 0
96 236 0
96 238 0
96 239 0
96 191 0
96 241 0
96 244 1
96 242 0
96 247 0
96 206 0
96 248 0
96 249 0
101 104 0
101 107 1
101 109 1
101 103 0
101 102 1
101 110 1
101 111 1
101 114 0
101 112 0
101 116 0
101 38 0
101 50 0
101 119 0
101 120 0
101 42 0
101 115 0
101 122 0
101 124 0
101 188 0
101 210 0
101 126 0
101 129 1
101 130 1
101 123 1
101 151 0
101 146 0
101 149 0
101 133 0
101 132 0
101 137 0
101 148 0
101 131 0
101 165 0
101 141 0
101 138 1
101 142 0
101 144 0
101 135 0
101 152 0
101 158 0
101 162 0
101 160 0
101 157 1
101 166 1
101 156 0
101 159 1
101 167 0
101 171 0
101 174 0
101 78 0
101 172 1
101 175 1
101 168 0
101 177 1
101 178 1
101 173 0
101 180 0
101 183 0
101 195 0
101 211 0
101 215 1
101 200 0
101 203 1
101 202 1
101 196 0
101 212 0
101 67 0
101 221 0
101 227 0
101 228 0
101 226 1
101 220 0
101 233 0
101 232 0
101 236 1
101 238 0
101 239 0
101 191 0
101 241 0
101 244 0
101 242 0
101 247 0
101 206 0
101 248 0
101 249 0
104 107 0
104 109 0
104 103 0
104 102 0
104 110 0
104 111 0
104 114 1
104 112 0
104 116 0
104 38 0
104 50 0
104 119 0
104 120 1
104 42 0
104 115 0
104 122 0
104 124 1
104 188 0
104 210 0
104 126 0
104 129 0
104 130 0
104 123 0
104 151 1
104 146 0
104 149 0
104 133 0
104 132 0
104 137 1
104 148 0
104 131 0
104 165 0
104 141 0
104 138 0
104 142 0
104 144 0
104 135 1
104 152 0
104 158 0
104 162 0
104 160 0
104 157 0
104 166 0
104 156 0
104 159 0
104 167 1
104 171 0
104 174 0
104 78 0
104 172 0
104 175 0
104 168 1
104 177 0
104 178 0
104 173 0
104 180 1
104 183 0
104 195 1
104 211 1
104 215 0
104 200 0
104 203 0
104 202 0
104 196 1
104 212 0
104 67 0
104 221 0
104 227 1
104 228 1
104 226 0
104 220 0
104 233 0
104 232 0
104 236 0
104 238 0
104 239 1
104 191 0
104 241 0
104 244 0
104 242 0
104 247 1
104 206 0
104 248 0
104 249 0
107 109 1
107 103 0
107 102 1
107 110 1
107 111 1
107 114 0
107 112 0
107 116 0
107 38 0
107 50 0
107 119 0
107 120 0
107 42 0
107 115 0
107 122 0
107 124 0
107 188 0
107 210 0
107 126 0
107 129 1
107 130 1
107 123 1
107 151 0
107 146 0
107 149 0
107 133 0
107 132 0
107 137 0
107 148 0
107 131 0
107 165 0
107 141 0
107 138 1
107 142 0
107 144 0
107 135 0
107 152 0
107 158 0
107 162 0
107 160 0
107 157 1
107 166 1
107 156 0
107 159 1
107 167 0
107 171 0
107 174 0
107 78 0
107 172 1
107 175 1
107 168 0
107 177 1
107 178 1
107 173 0
107 180 0
107 183 0
107 195 0
107 211 0
107 215 1
107 200 0
107 203 1
107 202 1
107 196 0
107 212 0
107 67 0
107 221 0
107 227 0
107 228 0
107 226 1
107 220 0
107 233 0
107 232 0
107 236 1
107 238 0
107 239 0
107 191 0
107 241 0
107 244 0
107 242 0
107 247 0
107 206 0
107 248 0
107 249 0
109 103 0
109 102 1
109 110 1
109 111 1
109 114 0
109 112 0
109 116 0
109 38 0
109 50 0
109 119 0
109 120 0
109 42 0
109 115 0
109 122 0
109 124 0
109 188 0
109 210 0
109 126 0
109 129 1
109 130 1
109 123 1
109 151 0
109 146 0
109 149 0
109 133 0
109 132 0
109 137 0
109 148 0
109 131 0
109 165 0
109 141 0
109 138 1
109 142 0
109 144 0
109 135 0
109 152 0
109 158 0
109 162 0
109 160 0
109 157 1
109 166 1
109 156 0
109 159 1
109 167 0
109 171 0
109 174 0
109 78 0
109 172 1
109 175 1
109 168 0
109 177 1
109 178 1
109 173 0
109 180 0
109 183 0
109 195 0
109 211 0
109 215 1
109 200 0
109 203 1
109 202 1
109 196 0
109 212 0
109 67 0
109 221 0
109 227 0
109 228 0
109 226 1
109 220 0
109 233 0
109 232 0
109 236 1
109 238 0
109 239 0
109 191 0
109 241 0
109 244 0
109 242 0
109 247 0
109 206 0
109 248 0
109 249 0
103 102 0
103 110 0
103 111 0
103 114 0
103 112 0
103 116 0
103 38 0
103 50 0
103 119 0
103 120 0
103 42 0
103 115 0
103 122 0
103 124 0
103 188 0
103 210 0
103 126 0
103 129 0
103 130 0
103 123 0
103 151 0
103 146 0
103 149 0
103 133 0
103 132 0
103 137 0
103 148 0
103 131 0
103 165 0
103 141 0
103 138 0
103 142 0
103 144 0
103 135 0
103 152 0
103 158 0
103 162 0
103 160 0
103 157 0
103 166 0
103 156 1
103 159 0
103 167 0
103 171 0
103 174 0
103 78 0
103 172 0
103 175 0
103 168 0
103 177 0
103 178 0
103 173 0
103 180 0
103 183 0
103 195 0
103 211 0
103 215 0
103 200 0
103 203 0
103 202 0
103 196 0
103 212 0
103 67 0
103 221 0
103 227 0
103 228 0
103 226 0
103 220 0
103 233 0
103 232 0
103 236 0
103 238 0
103 239 0
103 191 0
103 241 0
103 244 0
103 242 0
103 247 0
103 206 0
103 248 0
103 249 0
102 110 1
102 111 1
102 114 0
102 112 0
102 116 0
102 119 0
102 120 0
102 124 0
102 210 0
102 129 1
102 130 1
102 123 1
102 151 0
102 138 1
102 144 0
102 135 0
102 162 0
102 157 1
102 166 1
102 156 0
102 159 1
102 171 0
102 174 0
102 175 1
102 168 0
102 177 1
102 178 1
102 180 0
102 183 0
102 195 0
102 215 1
102 200 0
102 203 1
102 202 1
102 67 0
102 221 0
102 228 0
102 226 1
102 233 0
102 236 1
102 238 0
102 241 0
102 242 0
102 206 0
110 111 1
110 114 0
110 112 0
110 116 0
110 38 0
110 50 0
110 119 0
110 120 0
110 42 0
110 115 0
110 122 0
110 124 0
110 188 0
110 210 0
110 126 0
110 129 1
110 130 1
110 123 1
110 151 0
110 146 0
110 149 0
110 133 0
110 132 0
110 137 0
110 148 0
110 131 0
110 165 0
110 141 0
110 138 1
110 142 0
110 144 0
110 135 0
110 152 0
110 158 0
110 162 0
110 160 0
110 157 1
110 166 1
110 156 0
110 159 1
110 167 0
110 171 0
110 174 0
110 78 0
110 172 1
110 175 1
110 168 0
110 177 1
110 178 1
110 173 0
110 180 0
110 183 0
110 195 0
110 211 0
110 215 1
110 200 0
110 203 1
110 202 1
110 196 0
110 212 0
110 67 0
110 221 0
110 227 0
110 228 0
110 226 1
110 220 0
110 233 0
110 232 0
110 236 1
110 238 0
110 239 0
110 191 0
110 241 0
110 244 0
110 242 0
110 247 0
110 206 0
110 248 0
110 249 0
111 114 0
111 112 0
111 116 0
111 38 0
111 50 0
111 119 0
111 120 0
111 42 0
111 115 0
111 122 0
111 124 0
111 188 0
111 210 0
111 126 0
111 129 1
111 130 1
111 123 1
111 151 0
111 146 0
111 149 0
111 133 0
111 132 0
111 137 0
111 148 0
111 131 0
111 165 0
111 141 0
111 138 1
111 142 0
111 144 0
111 135 0
111 152 0
111 158 0
111 162 0
111 160 0
111 157 1
111 166 1
111 156 0
111 159 1
111 167 0
111 171 0
111 174 0
111 78 0
111 172 1
111 175 1
111 168 0
111 177 1
111 178 1
111 173 0
111 180 0
111 183 0
111 195 0
111 211 0
111 215 1
111 200 0
111 203 1
111 202 1
111 196 0
111 212 0
111 67 0
111 221 0
111 227 0
111 228 0
111 226 1
111 220 0
111 233 0
111 232 0
111 236 1
111 238 0
111 239 0
111 191 0
111 241 0
111 244 0
111 242 0
111 247 0
111 206 0
111 248 0
111 249 0
114 112 0
114 116 0
114 38 0
114 50 0
114 119 0
114 120 1
114 42 0
114 115 0
114 122 0
114 124 1
114 188 0
114 210 0
114 126 0
114 129 0
114 130 0
114 123 0
114 151 1
114 146 0
114 149 0
114 133 0
114 132 0
114 137 1
114 148 0
114 131 0
114 165 0
114 141 0
114 138 0
114 142 0
114 144 0
114 135 1
114 152 0
114 158 0
114 162 0
114 160 0
114 157 0
114 166 0
114 156 0
114 159 0
114 167 1
114 171 0
114 174 0
114 78 0
114 172 0
114 175 0
114 168 1
114 177 0
114 178 0
114 173 0
114 180 1
114 183 0
114 195 1
114 211 1
114 215 0
114 200 0
114 203 0
114 202 0
114 196 1
114 212 0
114 67 0
114 221 0
114 227 1
114 228 1
114 226 0
114 220 0
114 233 0
114 232 0
114 236 0
114 238 0
114 239 1
114 191 0
114 241 0
114 244 0
114 242 0
114 247 1
114 206 0
114 248 0
114 249 0
112 116 0
112 38 0
112 50 0
112 119 0
112 120 0
112 42 0
112 115 0
112 122 0
112 124 0
112 188 0
112 210 0
112 126 0
112 129 0
112 130 0
112 123 0
112 151 0
112 146 0
112 149 0
112 133 0
112 132 0
112 137 0
112 148 0
112 131 0
112 165 1
112 141 0
112 138 0
112 142 0
112 144 0
112 135 0
112 152 0
112 158 1
112 162 0
112 160 0
112 157 0
112 166 0
112 156 0
112 159 0
112 167 0
112 171 0
112 174 0
112 78 1
112 172 0
112 175 0
112 168 0
112 177 0
112 178 0
112 173 0
112 180 0
112 183 0
112 195 0
112 211 0
112 215 0
112 200 0
112 203 0
112 202 0
112 196 0
112 212 0
112 67 0
112 221 0
112 227 0
112 228 0
112 226 0
112 220 0
112 233 0
112 232 0
112 236 0
112 238 0
112 239 0
112 191 0
112 241 0
112 244 1
112 242 0
112 247 0
112 206 0
112 248 0
112 249 0
116 38 0
116 50 1
116 119 0
116 120 0
116 42 1
116 115 0
116 122 0
116 124 0
116 188 0
116 210 0
116 126 1
116 129 0
116 130 0
116 123 0
116 151 0
116 146 0
116 149 0
116 133 1
116 132 0
116 137 0
116 148 0
116 131 0
116 165 0
116 141 1
116 138 0
116 142 1
116 144 0
116 135 0
116 152 1
116 158 0
116 162 1
116 160 0
116 157 0
116 166 0
116 156 0
116 159 0
116 167 0
116 171 0
116 174 0
116 78 0
116 172 0
116 175 0
116 168 0
116 177 0
116 178 0
116 173 0
116 180 0
116 183 0
116 195 0
116 211 0
116 215 0
116 200 0
116 203 0
116 202 0
116 196 0
116 212 1
116 67 0
116 221 0
116 227 0
116 228 0
116 226 0
116 220 1
116 233 0
116 232 1
116 236 0
116 238 0
116 239 0
116 191 0
116 241 0
116 244 0
116 242 0
116 247 0
116 206 1
116 248 1
116 249 1
38 50 0
38 119 0
38 120 0
38 42 0
38 115 0
38 122 1
38 124 0
38 188 0
38 210 1
38 126 0
38 129 0
38 130 0
38 123 0
38 151 0
38 146 0
38 149 0
38 133 0
38 132 0
38 137 0
38 148 1
38 131 0
38 165 0
38 141 0
38 138 0
38 142 0
38 144 0
38 135 0
38 152 0
38 158 0
38 162 0
38 160 0
38 157 0
38 166 0
38 156 0
38 159 0
38 167 0
38 171 0
38 174 0
38 78 0
38 172 0
38 175 0
38 168 0
38 177 0
38 178 0
38 173 0
38 180 0
38 183 0
38 195 0
38 211 0
38 215 0
38 200 1
38 203 0
38 202 0
38 196 0
38 212 0
38 67 0
38 221 1
38 227 0
38 228 0
38 226 0
38 220 0
38 233 0
38 232 0
38 236 0
38 238 0
38 239 0
38 191 0
38 241 0
38 244 0
38 242 0
38 247 0
38 206 0
38 248 0
38 249 0
50 119 0
50 120 0
50 42 1
50 115 0
50 122 0
50 124 0
50 188 0
50 210 0
50 126 1
50 129 0
50 130 0
50 123 0
50 151 0
50 146 0
50 149 0
50 133 1
50 132 0
50 137 0
50 148 0
50 131 0
50 165 0
50 141 1
50 138 0
50 142 1
50 144 0
50 135 0
50 152 1
50 158 0
50 162 1
50 160 0
50 157 0
50 166 0
50 156 0
50 159 0
50 167 0
50 171 0
50 174 0
50 78 0
50 172 0
50 175 0
50 168 0
50 177 0
50 178 0
50 173 0
50 180 0
50 183 0
50 195 0
50 211 0
50 215 0
50 200 0
50 203 0
50 202 0
50 196 0
50 212 1
50 67 0
50 221 0
50 227 0
50 228 0
50 226 0
50 220 1
50 233 0
50 232 1
50 236 0
50 238 0
50 239 0
50 191 0
50 241 0
50 244 0
50 242 0
50 247 0
50 206 1
50 248 1
50 249 1
119 120 0
119 42 0
119 115 0
119 122 0
119 124 0
119 188 0
119 210 0
119 126 0
119 129 0
119 130 0
119 123 0
119 151 0
119 146 0
119 149 0
119 133 0
119 132 0
119 137 0
119 148 0
119 131 1
119 165 0
119 141 0
119 138 0
119 142 0
119 144 0
119 135 0
119 152 0
119 158 0
119 162 0
119 160 0
119 157 0
119 166 0
119 156 0
119 159 0
119 167 0
119 171 0
119 174 0
119 78 0
119 172 0
119 175 0
119 168 0
119 177 0
119 178 0
119 173 0
119 180 0
119 183 0
119 195 0
119 211 0
119 215 0
119 200 0
119 203 0
119 202 0
119 196 0
119 212 0
119 67 0
119 221 0
119 227 0
119 228 0
119 226 0
119 220 0
119 233 0
119 232 0
119 236 0
119 238 0
119 239 0
119 191 0
119 241 0
119 244 0
119 242 1
119 247 0
119 206 0
119 248 0
119 249 0
120 42 0
120 115 0
120 122 0
120 124 1
120 188 0
120 210 0
120 126 0
120 129 0
120 130 0
120 123 0
120 151 1
120 146 0
120 149 0
120 133 0
120 132 0
120 137 1
120 148 0
120 131 0
120 165 0
120 141 0
120 138 0
120 142 0
120 144 0
120 135 1
120 152 0
120 158 0
120 162 0
120 160 0
120 157 0
120 166 0
120 156 0
120 159 0
120 167 1
120 171 0
120 174 0
120 78 0
120 172 0
120 175 0
120 168 1
120 177 0
120 178 0
120 173 0
120 180 1
120 183 0
120 195 1
120 211 1
120 215 0
120 200 0
120 203 0
120 202 0
120 196 1
120 212 0
120 67 0
120 221 0
120 227 1
120 228 1
120 226 0
120 220 0
120 233 0
120 232 0
120 236 0
120 238 0
120 239 1
120 191 0
120 241 0
120 244 0
120 242 0
120 247 1
120 206 0
120 248 0
120 249 0
42 115 0
42 122 0
42 124 0
42 188 0
42 210 0
42 126 1
42 129 0
42 130 0
42 123 0
42 151 0
42 146 0
42 149 0
42 133 1
42 132 0
42 137 0
42 148 0
42 131 0
42 165 0
42 141 1
42 138 0
42 142 1
42 144 0
42 135 0
42 152 1
42 158 0
42 162 1
42 160 0
42 157 0
42 166 0
42 156 0
42 159 0
42 167 0
42 171 0
42 174 0
42 78 0
42 172 0
42 175 0
42 168 0
42 177 0
42 178 0
42 173 0
42 180 0
42 183 0
42 195 0
42 211 0
42 215 0
42 200 0
42 203 0
42 202 0
42 196 0
42 212 1
42 67 0
42 221 0
42 227 0
42 228 0
42 226 0
42 220 1
42 233 0
42 232 1
42 236 0
42 238 0
42 239 0
42 191 0
42 241 0
42 244 0
42 242 0
42 247 0
42 206 1
42 248 1
42 249 1
115 122 0
115 124 0
115 188 0
115 210 0
115 126 0
115 129 0
115 130 0
115 123 0
115 151 0
115 146 1
115 149 0
115 133 0
115 132 1
115 137 0
115 148 0
115 131 0
115 165 0
115 141 0
115 138 0
115 142 0
115 144 0
115 135 0
115 152 0
115 158 0
115 162 0
115 160 0
115 157 0
115 166 0
115 156 0
115 159 0
115 167 0
115 171 0
115 174 0
115 78 0
115 172 0
115 175 0
115 168 0
115 177 0
115 178 0
115 173 0
115 180 0
115 183 1
115 195 0
115 211 0
115 215 0
115 200 0
115 203 0
115 202 0
115 196 0
115 212 0
115 67 0
115 221 0
115 227 0
115 228 0
115 226 0
115 220 0
115 233 1
115 232 0
115 236 0
115 238 0
115 239 0
115 191 0
115 241 0
115 244 0
115 242 0
115 247 0
115 206 0
115 248 0
115 249 0
122 124 0
122 188 0
122 210 1
122 126 0
122 129 0
122 130 0
122 123 0
122 151 0
122 146 0
122 149 0
122 133 0
122 132 0
122 137 0
122 148 1
122 131 0
122 165 0
122 141 0
122 138 0
122 142 0
122 144 0
122 135 0
122 152 0
122 158 0
122 162 0
122 160 0
122 157 0
122 166 0
122 156 0
122 159 0
122 167 0
122 171 0
122 174 0
122 78 0
122 172 0
122 175 0
122 168 0
122 177 0
122 178 0
122 173 0
122 180 0
122 183 0
122 195 0
122 211 0
122 215 0
122 200 1
122 203 0
122 202 0
122 196 0
122 212 0
122 67 0
122 221 1
122 227 0
122 228 0
122 226 0
122 220 0
122 233 0
122 232 0
122 236 0
122 238 0
122 239 0
122 191 0
122 241 0
122 244 0
122 242 0
122 247 0
122 206 0
122 248 0
122 249 0
124 188 0
124 210 0
124 126 0
124 129 0
124 130 0
124 123 0
124 151 1
124 146 0
124 149 0
124 133 0
124 132 0
124 137 1
124 148 0
124 131 0
124 165 0
124 141 0
124 138 0
124 142 0
124 144 0
124 135 1
124 152 0
124 158 0
124 162 0
124 160 0
124 157 0
124 166 0
124 156 0
124 159 0
124 167 1
124 171 0
124 174 0
124 78 0
124 172 0
124 175 0
124 168 1
124 177 0
124 178 0
124 173 0
124 180 1
124 183 0
124 195 1
124 211 1
124 215 0
124 200 0
124 203 0
124 202 0
124 196 1
124 212 0
124 67 0
124 221 0
124 227 1
124 228 1
124 226 0
124 220 0
124 233 0
124 232 0
124 236 0
124 238 0
124 239 1
124 191 0
124 241 0
124 244 0
124 242 0
124 247 1
124 206 0
124 248 0
124 249 0
188 210 0
188 126 0
188 129 0
188 130 0
188 123 0
188 151 0
188 146 0
188 149 0
188 133 0
188 132 0
188 137 0
188 148 0
188 131 0
188 165 0
188 141 0
188 138 0
188 142 0
188 144 1
188 135 0
188 152 0
188 158 0
188 162 0
188 160 1
188 157 0
188 166 0
188 156 0
188 159 0
188 167 0
188 171 1
188 174 1
188 78 0
188 172 0
188 175 0
188 168 0
188 177 0
188 178 0
188 173 1
188 180 0
188 183 0
188 195 0
188 211 0
188 215 0
188 200 0
188 203 0
188 202 0
188 196 0
188 212 0
188 67 1
188 221 0
188 227 0
188 228 0
188 226 0
188 220 0
188 233 0
188 232 0
188 236 0
188 238 1
188 239 0
188 191 1
188 241 1
188 244 0
188 242 0
188 247 0
188 206 0
188 248 0
188 249 0
210 126 0
210 129 0
210 130 0
210 123 0
210 151 0
210 146 0
210 149 0
210 133 0
210 132 0
210 137 0
210 148 1
210 131 0
210 165 0
210 141 0
210 138 0
210 142 0
210 144 0
210 135 0
210 152 0
210 158 0
210 162 0
210 160 0
210 157 0
210 166 0
210 156 0
210 159 0
210 167 0
210 171 0
210 174 0
210 78 0
210 172 0
210 175 0
210 168 0
210 177 0
210 178 0
210 173 0
210 180 0
210 183 0
210 195 0
210 211 0
210 215 0
210 200 1
210 203 0
210 202 0
210 196 0
210 212 0
210 67 0
210 221 1
210 227 0
210 228 0
210 226 0
210 220 0
210 233 0
210 232 0
210 236 0
210 238 0
210 239 0
210 191 0
210 241 0
210 244 0
210 242 0
210 247 0
210 206 0
210 248 0
210 249 0
126 129 0
126 130 0
126 123 0
126 151 0
126 146 0
126 149 0
126 133 1
126 132 0
126 137 0
126 148 0
126 131 0
126 165 0
126 141 1
126 138 0
126 142 1
126 144 0
126 135 0
126 152 1
126 158 0
126 162 1
126 160 0
126 157 0
126 166 0
126 156 0
126 159 0
126 167 0
126 171 0
126 174 0
126 78 0
126 172 0
126 175 0
126 168 0
126 177 0
126 178 0
126 173 0
126 180 0
126 183 0
126 195 0
126 211 0
126 215 0
126 200 0
126 203 0
126 202 0
126 196 0
126 212 1
126 67 0
126 221 0
126 227 0
126 228 0
126 226 0
126 220 1
126 233 0
126 232 1
126 236 0
126 238 0
126 239 0
126 191 0
126 241 0
126 244 0
126 242 0
126 247 0
126 206 1
126 248 1
126 249 1
129 130 1
129 123 1
129 151 0
129 146 0
129 149 0
129 133 0
129 132 0
129 137 0
129 148 0
129 131 0
129 165 0
129 141 0
129 138 1
129 142 0
129 144 0
129 135 0
129 152 0
129 158 0
129 162 0
129 160 0
129 157 1
129 166 1
129 156 0
129 159 1
129 167 0
129 171 0
129 174 0
129 78 0
129 172 1
129 175 1
129 168 0
129 177 1
129 178 1
129 173 0
129 180 0
129 183 0
129 195 0
129 211 0
129 215 1
129 200 0
129 203 1
129 202 1
129 196 0
129 212 0
129 67 0
129 221 0
129 227 0
129 228 0
129 226 1
129 220 0
129 233 0
129 232 0
129 236 1
129 238 0
129 239 0
129 191 0
129 241 0
129 244 0
129 242 0
129 247 0
129 206 0
129 248 0
129 249 0
130 123 1
130 151 0
130 146 0
130 149 0
130 133 0
130 132 0
130 137 0
130 148 0
130 131 0
130 165 0
130 141 0
130 138 1
130 142 0
130 144 0
130 135 0
130 152 0
130 158 0
130 162 0
130 160 0
130 157 1
130 166 1
130 156 0
130 159 1
130 167 0
130 171 0
130 174 0
130 78 0
130 172 1
130 175 1
130 168 0
130 177 1
130 178 1
130 173 0
130 180 0
130 183 0
130 195 0
130 211 0
130 215 1
130 200 0
130 203 1
130 202 1
130 196 0
130 212 0
130 67 0
130 221 0
130 227 0
130 228 0
130 226 1
130 220 0
130 233 0
130 232 0
130 236 1
130 238 0
130 239 0
130 191 0
130 241 0
130 244 0
130 242 0
130 247 0
130 206 0
130 248 0
130 249 0
123 151 0
123 146 0
123 149 0
123 133 0
123 132 0
123 137 0
123 148 0
123 131 0
123 165 0
123 141 0
123 138 1
123 142 0
123 144 0
123 135 0
123 152 0
123 158 0
123 162 0
123 160 0
123 157 1
123 166 1
123 156 0
123 159 1
123 167 0
123 171 0
123 174 0
123 78 0
123 172 1
123 175 1
123 168 0
123 177 1
123 178 1
123 173 0
123 180 0
123 183 0
123 195 0
123 211 0
123 215 1
123 200 0
123 203 1
123 202 1
123 196 0
123 212 0
123 67 0
123 221 0
123 227 0
123 228 0
123 226 1
123 220 0
123 233 0
123 232 0
123 236 1
123 238 0
123 239 0
123 191 0
123 241 0
123 244 0
123 242 0
123 247 0
123 206 0
123 248 0
123 249 0
151 146 0
151 149 0
151 133 0
151 132 0
151 137 1
151 148 0
151 131 0
151 165 0
151 141 0
151 138 0
151 142 0
151 144 0
151 135 1
151 152 0
151 158 0
151 162 0
151 160 0
151 157 0
151 166 0
151 156 0
151 159 0
151 167 1
151 171 0
151 174 0
151 78 0
151 172 0
151 175 0
151 168 1
151 177 0
151 178 0
151 173 0
151 180 1
151 183 0
151 195 1
151 211 1
151 215 0
151 200 0
151 203 0
151 202 0
151 196 1
151 212 0
151 67 0
151 221 0
151 227 1
151 228 1
151 226 0
151 220 0
151 233 0
151 232 0
151 236 0
151 238 0
151 239 1
151 191 0
151 241 0
151 244 0
151 242 0
151 247 1
151 206 0
151 248 0
151 249 0
146 149 0
146 133 0
146 132 1
146 137 0
146 148 0
146 131 0
146 165 0
146 141 0
146 138 0
146 142 0
146 144 0
146 135 0
146 152 0
146 158 0
146 162 0
146 160 0
146 157 0
146 166 0
146 156 0
146 159 0
146 167 0
146 171 0
146 174 0
146 78 0
146 172 0
146 175 0
146 168 0
146 177 0
146 178 0
146 173 0
146 180 0
146 183 1
146 195 0
146 211 0
146 215 0
146 200 0
146 203 0
146 202 0
146 196 0
146 212 0
146 67 0
146 221 0
146 227 0
146 228 0
146 226 0
146 220 0
146 233 1
146 232 0
146 236 0
146 238 0
146 239 0
146 191 0
146 241 0
146 244 0
146 242 0
146 247 0
146 206 0
146 248 0
146 249 0
149 133 0
149 132 0
149 137 0
149 148 0
149 131 0
149 165 0
149 141 0
149 138 0
149 142 0
149 144 0
149 135 0
149 152 0
149 158 0
149 162 0
149 160 0
149 157 0
149 166 0
149 156 0
149 159 0
149 167 0
149 171 0
149 174 0
149 78 0
149 172 0
149 175 0
149 168 0
149 177 0
149 178 0
149 173 0
149 180 0
149 183 0
149 195 0
149 211 0
149 215 0
149 200 0
149 203 0
149 202 0
149 196 0
149 212 0
149 67 0
149 221 0
149 227 0
149 228 0
149 226 0
149 220 0
149 233 0
149 232 0
149 236 0
149 238 0
149 239 0
149 191 0
149 241 0
149 244 0
149 242 0
149 247 0
149 206 0
149 248 0
149 249 0
133 132 0
133 137 0
133 148 0
133 131 0
133 165 0
133 141 1
133 138 0
133 142 1
133 144 0
133 135 0
133 152 1
133 158 0
133 162 1
133 160 0
133 157 0
133 166 0
133 156 0
133 159 0
133 167 0
133 171 0
133 174 0
133 78 0
133 172 0
133 175 0
133 168 0
133 177 0
133 178 0
133 173 0
133 180 0
133 183 0
133 195 0
133 211 0
133 215 0
133 200 0
133 203 0
133 202 0
133 196 0
133 212 1
133 67 0
133 221 0
133 227 0
133 228 0
133 226 0
133 220 1
133 233 0
133 232 1
133 236 0
133 238 0
133 239 0
133 191 0
133 241 0
133 244 0
133 242 0
133 247 0
133 206 1
133 248 1
133 249 1
132 137 0
132 148 0
132 131 0
132 165 0
132 141 0
132 138 0
132 142 0
132 144 0
132 135 0
132 152 0
132 158 0
132 162 0
132 160 0
132 157 0
132 166 0
132 156 0
132 159 0
132 167 0
132 171 0
132 174 0
132 78 0
132 172 0
132 175 0
132 168 0
132 177 0
132 178 0
132 173 0
132 180 0
132 183 1
132 195 0
132 211 0
132 215 0
132 200 0
132 203 0
132 202 0
132 196 0
132 212 0
132 67 0
132 221 0
132 227 0
132 228 0
132 226 0
132 220 0
132 233 1
132 232 0
132 236 0
132 238 0
132 239 0
132 191 0
132 241 0
132 244 0
132 242 0
132 247 0
132 206 0
132 248 0
132 249 0
137 148 0
137 131 0
137 165 0
137 141 0
137 138 0
137 142 0
137 144 0
137 135 1
137 152 0
137 158 0
137 162 0
137 160 0
137 157 0
137 166 0
137 156 0
137 159 0
137 167 1
137 171 0
137 174 0
137 78 0
137 172 0
137 175 0
137 168 1
137 177 0
137 178 0
137 173 0
137 180 1
137 183 0
137 195 1
137 211 1
137 215 0
137 200 0
137 203 0
137 202 0
137 196 1
137 212 0
137 67 0
137 221 0
137 227 1
137 228 1
137 226 0
137 220 0
137 233 0
137 232 0
137 236 0
137 238 0
137 239 1
137 191 0
137 241 0
137 244 0
137 242 0
137 247 1
137 206 0
137 248 0
137 249 0
148 131 0
148 165 0
148 141 0
148 138 0
148 142 0
148 144 0
148 135 0
148 152 0
148 158 0
148 162 0
148 160 0
148 157 0
148 166 0
148 156 0
148 159 0
148 167 0
148 171 0
148 174 0
148 78 0
148 172 0
148 175 0
148 168 0
148 177 0
148 178 0
148 173 0
148 180 0
148 183 0
148 195 0
148 211 0
148 215 0
148 200 1
148 203 0
148 202 0
148 196 0
148 212 0
148 67 0
148 221 1
148 227 0
148 228 0
148 226 0
148 220 0
148 233 0
148 232 0
148 236 0
148 238 0
148 239 0
148 191 0
148 241 0
148 244 0
148 242 0
148 247 0
148 206 0
148 248 0
148 249 0
131 165 0
131 141 0
131 138 0
131 142 0
131 144 0
131 135 0
131 152 0
131 158 0
131 162 0
131 160 0
131 157 0
131 166 0
131 156 0
131 159 0
131 167 0
131 171 0
131 174 0
131 78 0
131 172 0
131 175 0
131 168 0
131 177 0
131 178 0
131 173 0
131 180 0
131 183 0
131 195 0
131 211 0
131 215 0
131 200 0
131 203 0
131 202 0
131 196 0
131 212 0
131 67 0
131 221 0
131 227 0
131 228 0
131 226 0
131 220 0
131 233 0
131 232 0
131 236 0
131 238 0
131 239 0
131 191 0
131 241 0
131 244 0
131 242 1
131 247 0
131 206 0
131 248 0
131 249 0
165 141 0
165 138 0
165 142 0
165 144 0
165 135 0
165 152 0
165 158 1
165 162 0
165 160 0
165 157 0
165 166 0
165 156 0
165 159 0
165 167 0
165 171 0
165 174 0
165 78 1
165 172 0
165 175 0
165 168 0
165 177 0
165 178 0
165 173 0
165 180 0
165 183 0
165 195 0
165 211 0
165 215 0
165 200 0
165 203 0
165 202 0
165 196 0
165 212 0
165 67 0
165 221 0
165 227 0
165 228 0
165 226 0
165 220 0
165 233 0
165 232 0
165 236 0
165 238 0
165 239 0
165 191 0
165 241 0
165 244 1
165 242 0
165 247 0
165 206 0
165 248 0
165 249 0
141 138 0
141 142 1
141 144 0
141 135 0
141 152 1
141 158 0
141 162 1
141 160 0
141 157 0
141 166 0
141 156 0
141 159 0
141 167 0
141 171 0
141 174 0
141 78 0
141 172 0
141 175 0
141 168 0
141 177 0
141 178 0
141 173 0
141 180 0
141 183 0
141 195 0
141 211 0
141 215 0
141 200 0
141 203 0
141 202 0
141 196 0
141 212 1
141 67 0
141 221 0
141 227 0
141 228 0
141 226 0
141 220 1
141 233 0
141 232 1
141 236 0
141 238 0
141 239 0
141 191 0
141 241 0
141 244 0
141 242 0
141 247 0
141 206 1
141 248 1
141 249 1
138 142 0
138 144 0
138 135 0
138 152 0
138 158 0
138 162 0
138 160 0
138 157 1
138 166 1
138 156 0
138 159 1
138 167 0
138 171 0
138 174 0
138 78 0
138 172 1
138 175 1
138 168 0
138 177 1
138 178 1
138 173 0
138 180 0
138 183 0
138 195 0
138 211 0
138 215 1
138 200 0
138 203 1
138 202 1
138 196 0
138 212 0
138 67 0
138 221 0
138 227 0
138 228 0
138 226 1
138 220 0
138 233 0
138 232 0
138 236 1
138 238 0
138 239 0
138 191 0
138 241 0
138 244 0
138 242 0
138 247 0
138 206 0
138 248 0
138 249 0
142 144 0
142 135 0
142 152 1
142 158 0
142 162 1
142 160 0
142 157 0
142 166 0
142 156 0
142 159 0
142 167 0
142 171 0
142 174 0
142 78 0
142 172 0
142 175 0
142 168 0
142 177 0
142 178 0
142 173 0
142 180 0
142 183 0
142 195 0
142 211 0
142 215 0
142 200 0
142 203 0
142 202 0
142 196 0
142 212 1
142 67 0
142 221 0
142 227 0
142 228 0
142 226 0
142 220 1
142 233 0
142 232 1
142 236 0
142 238 0
142 239 0
142 191 0
142 241 0
142 244 0
142 242 0
142 247 0
142 206 1
142 248 1
142 249 1
144 135 0
144 152 0
144 158 0
144 162 0
144 160 1
144 157 0
144 166 0
144 156 0
144 159 0
144 167 0
144 171 1
144 174 1
144 78 0
144 172 0
144 175 0
144 168 0
144 177 0
144 178 0
144 173 1
144 180 0
144 183 0
144 195 0
144 211 0
144 215 0
144 200 0
144 203 0
144 202 0
144 196 0
144 212 0
144 67 1
144 221 0
144 227 0
144 228 0
144 226 0
144 220 0
144 233 0
144 232 0
144 236 0
144 238 1
144 239 0
144 191 1
144 241 1
144 244 0
144 242 0
144 247 0
144 206 0
144 248 0
144 249 0
135 152 0
135 158 0
135 162 0
135 160 0
135 157 0
135 166 0
135 156 0
135 159 0
135 167 1
135 171 0
135 174 0
135 78 0
135 172 0
135 175 0
135 168 1
135 177 0
135 178 0
135 173 0
135 180 1
135 183 0
135 195 1
135 211 1
135 215 0
135 200 0
135 203 0
135 202 0
135 196 1
135 212 0
135 67 0
135 221 0
135 227 1
135 228 1
135 226 0
135 220 0
135 233 0
135 232 0
135 236 0
135 238 0
135 239 1
135 191 0
135 241 0
135 244 0
135 242 0
135 247 1
135 206 0
135 248 0
135 249 0
152 158 0
152 162 1
152 160 0
152 157 0
152 166 0
152 156 0
152 159 0
152 167 0
152 171 0
152 174 0
152 78 0
152 172 0
152 175 0
152 168 0
152 177 0
152 178 0
152 173 0
152 180 0
152 183 0
152 195 0
152 211 0
152 215 0
152 200 0
152 203 0
152 202 0
152 196 0
152 212 1
152 67 0
152 221 0
152 227 0
152 228 0
152 226 0
152 220 1
152 233 0
152 232 1
152 236 0
152 238 0
152 239 0
152 191 0
152 241 0
152 244 0
152 242 0
152 247 0
152 206 1
152 248 1
152 249 1
158 162 0
158 160 0
158 157 0
158 166 0
158 156 0
158 159 0
158 167 0
158 171 0
158 174 0
158 78 1
158 172 0
158 175 0
158 168 0
158 177 0
158 178 0
158 173 0
158 180 0
158 183 0
158 195 0
158 211 0
158 215 0
158 200 0
158 203 0
158 202 0
158 196 0
158 212 0
158 67 0
158 221 0
158 227 0
158 228 0
158 226 0
158 220 0
158 233 0
158 232 0
158 236 0
158 238 0
158 239 0
158 191 0
158 241 0
158 244 1
158 242 0
158 247 0
158 206 0
158 248 0
158 249 0
162 160 0
162 157 0
162 166 0
162 156 0
162 159 0
162 167 0
162 171 0
162 174 0
162 78 0
162 172 0
162 175 0
162 168 0
162 177 0
162 178 0
162 173 0
162 180 0
162 183 0
162 195 0
162 211 0
162 215 0
162 200 0
162 203 0
162 202 0
162 196 0
162 212 1
162 67 0
162 221 0
162 227 0
162 228 0
162 226 0
162 220 1
162 233 0
162 232 1
162 236 0
162 238 0
162 239 0
162 191 0
162 241 0
162 244 0
162 242 0
162 247 0
162 206 1
162 248 1
162 249 1
160 157 0
160 166 0
160 156 0
160 159 0
160 167 0
160 171 1
160 174 1
160 78 0
160 172 0
160 175 0
160 168 0
160 177 0
160 178 0
160 173 1
160 180 0
160 183 0
160 195 0
160 211 0
160 215 0
160 200 0
160 203 0
160 202 0
160 196 0
160 212 0
160 67 1
160 221 0
160 227 0
160 228 0
160 226 0
160 220 0
160 233 0
160 232 0
160 236 0
160 238 1
160 239 0
160 191 1
160 241 1
160 244 0
160 242 0
160 247 0
160 206 0
160 248 0
160 249 0
157 166 1
157 156 0
157 159 1
157 167 0
157 171 0
157 174 0
157 78 0
157 172 1
157 175 1
157 168 0
157 177 1
157 178 1
157 173 0
157 180 0
157 183 0
157 195 0
157 211 0
157 215 1
157 200 0
157 203 1
157 202 1
157 196 0
157 212 0
157 67 0
157 221 0
157 227 0
157 228 0
157 226 1
157 220 0
157 233 0
157 232 0
157 236 1
157 238 0
157 239 0
157 191 0
157 241 0
157 244 0
157 242 0
157 247 0
157 206 0
157 248 0
157 249 0
166 156 0
166 159 1
166 167 0
166 171 0
166 174 0
166 78 0
166 172 1
166 175 1
166 168 0
166 177 1
166 178 1
166 173 0
166 180 0
166 183 0
166 195 0
166 211 0
166 215 1
166 200 0
166 203 1
166 202 1
166 196 0
166 212 0
166 67 0
166 221 0
166 227 0
166 228 0
166 226 1
166 220 0
166 233 0
166 232 0
166 236 1
166 238 0
166 239 0
166 191 0
166 241 0
166 244 0
166 242 0
166 247 0
166 206 0
166 248 0
166 249 0
156 159 0
156 167 0
156 171 0
156 174 0
156 78 0
156 172 0
156 175 0
156 168 0
156 177 0
156 178 0
156 173 0
156 180 0
156 183 0
156 195 0
156 211 0
156 215 0
156 200 0
156 203 0
156 202 0
156 196 0
156 212 0
156 67 0
156 221 0
156 227 0
156 228 0
156 226 0
156 220 0
156 233 0
156 232 0
156 236 0
156 238 0
156 239 0
156 191 0
156 241 0
156 244 0
156 242 0
156 247 0
156 206 0
156 248 0
156 249 0
159 167 0
159 171 0
159 174 0
159 78 0
159 172 1
159 175 1
159 168 0
159 177 1
159 178 1
159 173 0
159 180 0
159 183 0
159 195 0
159 211 0
159 215 1
159 200 0
159 203 1
159 202 1
159 196 0
159 212 0
159 67 0
159 221 0
159 227 0
159 228 0
159 226 1
159 220 0
159 233 0
159 232 0
159 236 1
159 238 0
159 239 0
159 191 0
159 241 0
159 244 0
159 242 0
159 247 0
159 206 0
159 248 0
159 249 0
167 171 0
167 174 0
167 78 0
167 172 0
167 175 0
167 168 1
167 177 0
167 178 0
167 173 0
167 180 1
167 183 0
167 195 1
167 211 1
167 215 0
167 200 0
167 203 0
167 202 0
167 196 1
167 212 0
167 67 0
167 221 0
167 227 1
167 228 1
167 226 0
167 220 0
167 233 0
167 232 0
167 236 0
167 238 0
167 239 1
167 191 0
167 241 0
167 244 0
167 242 0
167 247 1
167 206 0
167 248 0
167 249 0
171 174 1
171 78 0
171 172 0
171 175 0
171 168 0
171 177 0
171 178 0
171 173 1
171 180 0
171 183 0
171 195 0
171 211 0
171 215 0
171 200 0
171 203 0
171 202 0
171 196 0
171 212 0
171 67 1
171 221 0
171 227 0
171 228 0
171 226 0
171 220 0
171 233 0
171 232 0
171 236 0
171 238 1
171 239 0
171 191 1
171 241 1
171 244 0
171 242 0
171 247 0
171 206 0
171 248 0
171 249 0
174 78 0
174 172 0
174 175 0
174 168 0
174 177 0
174 178 0
174 173 1
174 180 0
174 183 0
174 195 0
174 211 0
174 215 0
174 200 0
174 203 0
174 202 0
174 196 0
174 212 0
174 67 1
174 221 0
174 227 0
174 228 0
174 226 0
174 220 0
174 233 0
174 232 0
174 236 0
174 238 1
174 239 0
174 191 1
174 241 1
174 244 0
174 242 0
174 247 0
174 206 0
174 248 0
174 249 0
78 172 0
78 175 0
78 168 0
78 177 0
78 178 0
78 173 0
78 180 0
78 183 0
78 195 0
78 211 0
78 215 0
78 200 0
78 203 0
78 202 0
78 196 0
78 212 0
78 67 0
78 221 0
78 227 0
78 228 0
78 226 0
78 220 0
78 233 0
78 232 0
78 236 0
78 238 0
78 239 0
78 191 0
78 241 0
78 244 1
78 242 0
78 247 0
78 206 0
78 248 0
78 249 0
172 175 1
172 168 0
172 177 1
172 178 1
172 173 0
172 180 0
172 183 0
172 195 0
172 211 0
172 215 1
172 200 0
172 203 1
172 202 1
172 196 0
172 212 0
172 67 0
172 221 0
172 227 0
172 228 0
172 226 1
172 220 0
172 233 0
172 232 0
172 236 1
172 238 0
172 239 0
172 191 0
172 241 0
172 244 0
172 242 0
172 247 0
172 206 0
172 248 0
172 249 0
175 168 0
175 177 1
175 178 1
175 173 0
175 180 0
175 183 0
175 195 0
175 211 0
175 215 1
175 200 0
175 203 1
175 202 1
175 196 0
175 212 0
175 67 0
175 221 0
175 227 0
175 228 0
175 226 1
175 220 0
175 233 0
175 232 0
175 236 1
175 238 0
175 239 0
175 191 0
175 241 0
175 244 0
175 242 0
175 247 0
175 206 0
175 248 0
175 249 0
168 177 0
168 178 0
168 173 0
168 180 1
168 183 0
168 195 1
168 211 1
168 215 0
168 200 0
168 203 0
168 202 0
168 196 1
168 212 0
168 67 0
168 221 0
168 227 1
168 228 1
168 226 0
168 220 0
168 233 0
168 232 0
168 236 0
168 238 0
168 239 1
168 191 0
168 241 0
168 244 0
168 242 0
168 247 1
168 206 0
168 248 0
168 249 0
177 178 1
177 173 0
177 180 0
177 183 0
177 195 0
177 211 0
177 215 1
177 200 0
177 203 1
177 202 1
177 196 0
177 212 0
177 67 0
177 221 0
177 227 0
177 228 0
177 226 1
177 220 0
177 233 0
177 232 0
177 236 1
177 238 0
177 239 0
177 191 0
177 241 0
177 244 0
177 242 0
177 247 0
177 206 0
177 248 0
177 249 0
178 173 0
178 180 0
178 183 0
178 195 0
178 211 0
178 215 1
178 200 0
178 203 1
178 202 1
178 196 0
178 212 0
178 67 0
178 221 0
178 227 0
178 228 0
178 226 1
178 220 0
178 233 0
178 232 0
178 236 1
178 238 0
178 239 0
178 191 0
178 241 0
178 244 0
178 242 0
178 247 0
178 206 0
178 248 0
178 249 0
173 180 0
173 183 0
173 195 0
173 211 0
173 215 0
173 200 0
173 203 0
173 202 0
173 196 0
173 212 0
173 67 1
173 221 0
173 227 0
173 228 0
173 226 0
173 220 0
173 233 0
173 232 0
173 236 0
173 238 1
173 239 0
173 191 1
173 241 1
173 244 0
173 242 0
173 247 0
173 206 0
173 248 0
173 249 0
180 183 0
180 195 1
180 211 1
180 215 0
180 200 0
180 203 0
180 202 0
180 196 1
180 212 0
180 67 0
180 221 0
180 227 1
180 228 1
180 226 0
180 220 0
180 233 0
180 232 0
180 236 0
180 238 0
180 239 1
180 191 0
180 241 0
180 244 0
180 242 0
180 247 1
180 206 0
180 248 0
180 249 0
183 195 0
183 211 0
183 215 0
183 200 0
183 203 0
183 202 0
183 196 0
183 212 0
183 67 0
183 221 0
183 227 0
183 228 0
183 226 0
183 220 0
183 233 1
183 232 0
183 236 0
183 238 0
183 239 0
183 191 0
183 241 0
183 244 0
183 242 0
183 247 0
183 206 0
183 248 0
183 249 0
195 211 1
195 215 0
195 200 0
195 203 0
195 202 0
195 196 1
195 212 0
195 67 0
195 221 0
195 227 1
195 228 1
195 226 0
195 220 0
195 233 0
195 232 0
195 236 0
195 238 0
195 239 1
195 191 0
195 241 0
195 244 0
195 242 0
195 247 1
195 206 0
195 248 0
195 249 0
211 215 0
211 200 0
211 203 0
211 202 0
211 196 1
211 212 0
211 67 0
211 221 0
211 227 1
211 228 1
211 226 0
211 220 0
211 233 0
211 232 0
211 236 0
211 238 0
211 239 1
211 191 0
211 241 0
211 244 0
211 242 0
211 247 1
211 206 0
211 248 0
211 249 0
215 200 0
215 203 1
215 202 1
215 196 0
215 212 0
215 67 0
215 221 0
215 227 0
215 228 0
215 226 1
215 220 0
215 233 0
215 232 0
215 236 1
215 238 0
215 239 0
215 191 0
215 241 0
215 244 0
215 242 0
215 247 0
215 206 0
215 248 0
215 249 0
200 203 0
200 202 0
200 196 0
200 212 0
200 67 0
200 221 1
200 227 0
200 228 0
200 226 0
200 220 0
200 233 0
200 232 0
200 236 0
200 238 0
200 239 0
200 191 0
200 241 0
200 244 0
200 242 0
200 247 0
200 206 0
200 248 0
200 249 0
203 202 1
203 196 0
203 212 0
203 67 0
203 221 0
203 227 0
203 228 0
203 226 1
203 220 0
203 233 0
203 232 0
203 236 1
203 238 0
203 239 0
203 191 0
203 241 0
203 244 0
203 242 0
203 247 0
203 206 0
203 248 0
203 249 0
202 196 0
202 212 0
202 67 0
202 221 0
202 227 0
202 228 0
202 226 1
202 220 0
202 233 0
202 232 0
202 236 1
202 238 0
202 239 0
202 191 0
202 241 0
202 244 0
202 242 0
202 247 0
202 206 0
202 248 0
202 249 0
196 212 0
196 67 0
196 221 0
196 227 1
196 228 1
196 226 0
196 220 0
196 233 0
196 232 0
196 236 0
196 238 0
196 239 1
196 191 0
196 241 0
196 244 0
196 242 0
196 247 1
196 206 0
196 248 0
196 249 0
212 67 0
212 221 0
212 227 0
212 228 0
212 226 0
212 220 1
212 233 0
212 232 1
212 236 0
212 238 0
212 239 0
212 191 0
212 241 0
212 244 0
212 242 0
212 247 0
212 206 1
212 248 1
212 249 1
67 221 0
67 227 0
67 228 0
67 226 0
67 220 0
67 233 0
67 232 0
67 236 0
67 238 1
67 239 0
67 191 1
67 241 1
67 244 0
67 242 0
67 247 0
67 206 0
67 248 0
67 249 0
221 227 0
221 228 0
221 226 0
221 220 0
221 233 0
221 232 0
221 236 0
221 238 0
221 239 0
221 191 0
221 241 0
221 244 0
221 242 0
221 247 0
221 206 0
221 248 0
221 249 0
227 228 1
227 226 0
227 220 0
227 233 0
227 232 0
227 236 0
227 238 0
227 239 1
227 191 0
227 241 0
227 244 0
227 242 0
227 247 1
227 206 0
227 248 0
227 249 0
228 226 0
228 220 0
228 233 0
228 232 0
228 236 0
228 238 0
228 239 1
228 191 0
228 241 0
228 244 0
228 242 0
228 247 1
228 206 0
228 248 0
228 249 0
226 220 0
226 233 0
226 232 0
226 236 1
226 238 0
226 239 0
226 191 0
226 241 0
226 244 0
226 242 0
226 247 0
226 206 0
226 248 0
226 249 0
220 233 0
220 232 1
220 236 0
220 238 0
220 239 0
220 191 0
220 241 0
220 244 0
220 242 0
220 247 0
220 206 1
220 248 1
220 249 1
233 232 0
233 236 0
233 238 0
233 239 0
233 191 0
233 241 0
233 244 0
233 242 0
233 247 0
233 206 0
233 248 0
233 249 0
232 236 0
232 238 0
232 239 0
232 191 0
232 241 0
232 244 0
232 242 0
232 247 0
232 206 1
232 248 1
232 249 1
236 238 0
236 239 0
236 191 0
236 241 0
236 244 0
236 242 0
236 247 0
236 206 0
236 248 0
236 249 0
238 239 0
238 191 1
238 241 1
238 244 0
238 242 0
238 247 0
238 206 0
238 248 0
238 249 0
239 191 0
239 241 0
239 244 0
239 242 0
239 247 1
239 206 0
239 248 0
239 249 0
191 241 1
191 244 0
191 242 0
191 247 0
191 206 0
191 248 0
191 249 0
241 244 0
241 242 0
241 247 0
241 206 0
241 248 0
241 249 0
244 242 0
244 247 0
244 206 0
244 248 0
244 249 0
242 247 0
242 206 0
242 248 0
242 249 0
247 206 0
247 248 0
247 249 0
206 248 1
206 249 1
248 249 1
