185 55 1
94 194 1
23 63 1
164 5 1
58 13 4
248 52 10
179 189 1
40 201 1
235 135 1
220 188 1
214 208 1
142 109 1
91 241 1
226 241 1
85 165 1
17 200 1
137 240 1
29 149 3
245 198 1
28 175 2
175 103 1
60 83 4
170 62 1
245 6 1
206 200 2
100 242 1
164 208 1
139 150 1
138 136 1
249 236 1
114 227 1
95 134 1
130 61 1
66 120 1
113 109 1
34 230 1
100 164 1
142 10 1
184 43 1
76 105 1
42 58 1
208 63 1
201 191 1
34 77 1
216 43 1
151 198 1
29 203 1
117 125 1
69 217 1
154 199 1
37 235 1
26 176 1
113 81 1
80 151 1
34 33 1
249 191 1
28 162 1
179 240 1
203 128 1
95 234 1
173 40 1
134 243 1
71 210 1
179 49 1
100 42 1
133 198 2
139 53 1
21 177 1
179 138 1
55 110 1
115 16 1
189 107 1
159 109 1
116 124 1
169 138 1
63 109 1
68 140 1
169 249 1
162 198 1
179 208 1
106 124 3
90 107 1
185 125 1
139 5 1
21 129 2
205 201 1
137 55 5
245 227 1
85 145 1
62 236 1
81 190 1
96 52 1
26 88 1
175 240 1
208 5 1
172 103 1
75 166 1
114 12 1
175 49 1
26 14 1
67 209 1
90 236 2
130 151 1
175 137 1
81 211 1
82 123 1
17 224 1
81 5 1
187 236 2
110 124 1
74 191 1
176 63 1
92 135 1
159 8 1
74 214 1
235 58 1
170 124 1
121 228 1
230 124 1
111 234 1
239 219 3
95 225 1
163 230 1
153 103 22
161 236 1
235 143 1
26 155 1
84 189 1
169 58 1
249 58 1
154 225 1
53 13 1
100 116 1
235 208 1
147 216 2
126 93 5
6 58 1
205 141 1
205 33 1
6 158 1
93 39 1
99 226 2
165 188 1
145 204 1
120 124 1
129 148 1
200 211 1
96 142 1
179 205 1
64 244 1
25 236 1
172 244 1
74 145 1
42 188 1
22 154 1
155 5 1
17 69 1
30 163 1
232 154 1
27 115 1
69 64 1
66 211 4
117 234 1
81 135 1
165 201 1
150 234 1
36 43 1
247 180 2
36 198 1
76 236 2
88 85 1
88 137 1
198 243 1
100 199 1
58 212 1
43 211 2
93 161 1
139 13 1
76 58 1
32 241 15
228 110 2
33 243 1
190 117 1
24 96 1
28 243 2
206 226 1
59 233 2
85 248 1
137 50 1
42 14 1
151 227 2
39 223 1
135 214 1
150 58 1
25 71 1
54 58 1
20 243 1
39 8 1
231 103 1
23 244 1
169 159 1
163 53 1
175 211 1
195 234 2
27 49 1
92 108 1
185 68 1
59 105 1
4 110 1
20 40 2
185 17 1
211 227 1
232 33 1
241 11 1
90 220 1
71 103 1
108 210 1
154 13 1
235 248 1
106 66 2
224 85 1
134 154 2
23 85 2
23 30 1
85 116 1
101 110 4
114 180 1
40 227 1
183 121 1
81 220 1
25 34 1
85 176 1
28 169 1
90 208 1
133 158 1
93 223 1
206 116 2
84 14 1
62 127 1
202 203 3
235 30 1
111 134 1
184 191 1
67 151 1
211 44 9
231 226 1
95 236 1
120 62 1
130 235 1
141 143 1
49 110 1
176 163 1
173 175 1
184 137 1
99 154 1
77 110 1
249 189 1
17 134 1
140 44 1
113 100 1
179 108 1
245 151 1
70 239 1
187 223 1
26 136 1
99 174 1
154 236 1
25 14 1
162 53 1
133 53 1
88 99 1
15 110 5
100 234 1
187 210 1
185 216 1
20 135 1
88 232 1
224 103 1
5 124 1
39 125 1
182 110 5
232 231 1
210 107 1
96 227 1
136 220 1
39 214 1
100 148 1
70 109 1
142 33 1
106 1 1
68 11 1
114 59 1
17 211 1
101 115 2
235 80 1
53 236 1
71 165 1
84 55 9
115 109 1
179 163 1
88 211 1
89 240 1
230 5 1
175 108 1
46 122 19
165 220 1
184 10 1
176 206 1
77 236 1
192 95 1
90 100 1
214 152 3
138 134 1
84 8 1
95 136 1
130 62 1
49 241 14
248 136 1
74 124 1
113 108 1
46 200 7
142 187 1
184 51 1
205 44 1
126 190 1
159 124 1
224 191 1
115 146 2
37 137 1
34 85 1
216 51 1
138 200 1
90 235 1
62 234 1
18 159 1
95 240 1
34 145 1
117 63 1
49 57 1
71 199 1
89 235 1
159 225 1
34 103 1
34 58 1
139 210 1
28 164 1
71 74 1
135 218 3
92 211 1
165 163 1
24 187 1
183 129 1
133 204 1
84 71 1
52 50 1
43 52 16
137 236 2
179 134 1
20 126 1
185 163 1
189 39 2
185 111 1
179 165 1
140 143 1
116 188 1
99 142 1
169 142 1
55 211 1
178 7 1
209 64 1
101 217 1
208 225 1
22 143 1
53 107 1
53 64 1
40 8 1
246 151 3
27 238 1
115 157 1
85 76 1
81 176 1
96 51 1
225 13 1
182 83 4
65 144 1
172 33 1
224 200 1
23 200 1
175 46 3
27 160 1
232 243 1
243 13 1
26 210 1
96 143 1
181 137 1
71 62 2
90 179 1
71 159 1
175 150 1
179 187 1
81 200 1
22 151 1
206 125 5
115 144 1
18 120 2
88 234 1
183 86 1
77 44 1
23 71 1
204 234 1
90 244 1
81 191 1
17 155 1
190 64 1
69 135 1
189 210 1
171 151 1
25 199 1
84 133 1
30 214 2
205 125 1
50 62 2
30 232 1
235 199 1
125 124 1
30 168 1
99 234 1
225 10 1
205 142 1
205 103 1
188 5 1
141 103 1
165 124 1
145 198 1
108 8 1
165 116 1
106 227 1
150 211 1
111 188 1
240 44 1
185 64 1
179 238 1
142 159 1
148 123 1
101 16 1
25 179 1
88 107 1
126 55 7
85 154 1
36 141 1
176 205 1
248 159 1
144 45 1
142 76 1
77 140 2
6 7 1
62 103 1
189 137 1
216 233 1
206 145 1
68 110 1
23 220 1
114 66 3
150 226 1
175 54 1
18 133 1
142 227 1
175 64 2
24 88 1
36 40 1
200 226 1
100 63 1
28 13 3
59 16 1
135 162 1
34 198 1
23 151 1
146 105 1
69 117 1
76 41 1
71 5 1
120 211 1
90 163 1
214 220 1
164 155 1
181 227 1
137 187 1
192 17 1
85 201 1
239 16 1
192 226 1
111 184 1
204 64 1
234 109 2
145 243 1
7 152 1
175 200 4
92 109 1
185 89 2
44 180 1
23 54 2
108 240 1
229 219 1
201 109 1
20 14 1
145 187 1
111 17 1
235 147 1
182 76 4
132 76 1
71 33 1
176 103 1
106 228 7
164 124 1
90 165 2
90 14 1
20 235 1
159 13 1
23 84 1
165 191 1
30 99 1
84 64 1
234 10 1
165 53 1
68 158 1
115 61 1
129 182 2
151 141 3
200 64 1
30 64 1
126 240 1
208 109 1
192 40 1
20 187 2
211 14 1
184 44 1
141 43 1
111 138 1
23 42 1
66 220 1
183 228 7
199 63 1
113 159 1
224 189 1
92 179 1
42 39 1
189 151 1
95 100 1
14 13 1
249 63 1
142 191 1
17 145 1
92 230 1
64 191 1
189 154 1
90 95 1
117 244 1
183 211 1
71 230 1
184 71 1
138 116 1
66 151 1
88 116 1
142 62 1
34 240 1
46 16 1
214 117 1
29 183 2
249 133 1
169 103 1
179 109 1
85 191 1
171 175 1
168 142 2
184 84 1
182 86 6
139 244 1
99 74 1
81 64 1
109 124 3
67 85 1
190 191 1
28 171 1
203 98 1
235 11 1
23 64 2
164 117 1
208 210 1
224 33 1
179 206 1
190 145 1
240 4 1
100 131 4
178 152 1
142 103 5
108 154 1
226 191 2
71 69 5
157 166 1
29 132 2
94 178 1
187 191 2
133 50 2
32 94 1
175 109 1
24 130 1
109 233 6
84 44 1
93 50 1
25 224 1
178 194 1
211 8 1
95 142 1
172 133 1
74 188 1
142 50 1
133 62 1
18 172 1
184 52 2
203 110 4
63 191 1
159 188 1
28 212 1
32 212 5
151 247 1
224 226 1
17 42 1
34 84 1
216 52 1
23 179 2
29 202 2
136 232 1
34 74 1
235 39 2
35 86 6
35 115 1
37 167 1
199 13 1
33 220 1
34 108 1
33 163 1
23 211 1
145 162 1
53 214 1
15 128 3
25 99 1
25 125 1
201 64 1
179 39 1
39 103 2
71 40 1
205 155 1
246 220 1
172 162 1
179 136 1
20 125 1
30 150 1
99 138 1
54 226 1
249 64 1
113 205 1
134 198 1
240 58 1
70 219 1
22 83 3
249 200 1
176 39 1
197 157 1
85 159 1
21 123 1
248 154 8
235 96 1
176 230 1
96 43 1
26 235 1
18 184 1
84 107 1
136 159 1
197 15 4
172 109 1
172 58 1
175 55 1
111 90 1
26 13 1
138 155 1
171 160 1
130 147 1
126 214 1
167 170 1
184 154 1
184 200 1
136 210 1
28 225 1
182 217 1
135 188 1
33 199 1
144 11 1
6 178 1
167 211 1
159 10 1
62 223 1
77 223 1
135 164 1
23 209 1
78 46 1
126 100 1
170 69 1
232 236 1
183 75 4
151 110 1
123 233 3
169 244 1
226 223 1
232 208 5
84 139 1
217 247 1
174 64 1
235 178 1
134 124 1
229 105 3
126 187 1
147 203 1
59 110 1
99 6 1
106 4 1
205 138 1
59 228 3
116 62 1
169 226 1
50 234 1
240 8 1
224 13 1
145 199 1
150 200 1
240 159 1
111 124 1
106 62 1
106 132 1
32 103 1
7 222 1
248 208 1
111 191 1
162 231 1
25 42 1
176 5 1
69 230 1
85 164 1
126 165 1
126 108 1
36 140 1
40 125 1
230 103 1
4 234 1
201 226 1
17 71 1
168 230 1
36 130 1
172 125 1
155 199 1
190 42 1
154 60 1
69 63 1
216 4 1
18 189 1
142 225 1
247 4 1
206 71 1
134 236 1
173 144 2
82 233 3
222 152 1
185 169 1
92 5 1
63 188 2
198 244 1
28 74 1
37 236 1
187 220 1
78 140 1
34 204 1
157 202 1
26 30 1
34 210 1
35 215 2
28 241 1
206 231 1
32 40 1
150 125 1
42 5 1
36 84 5
68 190 1
111 99 1
154 117 1
155 124 1
25 69 1
53 58 1
30 200 1
30 249 8
144 241 1
92 33 1
23 57 1
84 200 1
86 228 6
84 74 1
45 226 1
71 109 3
23 206 1
164 188 1
90 134 1
177 154 1
169 205 1
151 223 1
248 205 1
89 140 3
234 1 1
22 103 1
205 120 1
151 142 1
200 109 1
153 122 10
159 208 1
133 164 1
133 154 1
183 236 2
32 6 1
214 188 1
84 13 1
192 107 1
224 188 1
184 230 1
141 51 1
111 142 1
211 220 2
224 133 1
142 199 1
28 68 1
43 50 1
82 219 1
138 109 1
235 33 1
224 10 1
197 105 1
183 215 2
163 200 1
173 241 1
37 52 1
108 236 1
169 33 1
52 227 1
90 124 1
130 15 1
179 33 1
17 23 1
137 140 1
184 85 1
239 121 3
181 198 1
28 40 1
25 88 1
63 234 1
158 124 1
162 55 1
22 181 1
202 233 7
149 202 1
130 96 1
162 188 1
235 5 1
20 134 1
224 109 1
135 104 29
20 225 1
56 228 1
199 107 1
217 105 6
40 103 2
235 62 1
93 240 1
101 128 1
169 208 1
17 204 1
248 125 1
81 232 1
89 39 1
40 5 1
50 196 1
3 215 1
189 58 1
34 184 1
40 83 1
159 53 1
182 128 1
21 219 1
234 124 2
184 8 1
100 191 1
99 116 1
214 107 1
111 199 1
24 244 1
227 110 1
185 74 1
190 200 1
95 138 1
100 58 1
113 188 1
151 238 1
138 125 1
171 76 1
71 249 1
28 81 1
168 116 2
34 206 1
174 144 1
100 248 1
28 208 1
33 208 1
58 187 1
63 125 1
33 125 1
164 107 1
90 88 1
92 172 1
185 5 1
117 64 1
18 106 2
26 190 1
113 84 1
192 64 1
168 206 2
34 109 1
33 159 1
94 6 1
192 116 1
145 164 1
81 125 1
78 151 1
25 126 1
90 190 1
183 123 1
179 45 1
133 199 1
225 191 1
100 103 1
23 210 1
172 164 1
23 74 1
133 240 2
38 104 1
99 134 1
141 110 1
134 204 1
133 210 1
249 211 1
235 159 1
248 74 1
217 83 1
235 4 1
53 116 1
53 63 1
76 40 1
158 62 1
81 175 1
139 236 1
225 14 1
201 211 1
99 42 1
172 108 1
91 54 1
20 208 1
192 165 1
130 124 1
135 221 10
113 187 1
183 56 1
185 14 1
206 150 1
130 137 1
42 163 1
184 211 1
173 160 1
221 104 5
129 109 2
88 10 1
69 236 1
89 77 2
62 44 2
23 69 1
78 39 1
185 184 2
90 243 1
93 142 1
246 211 1
204 226 1
94 222 1
18 230 1
190 63 1
114 109 5
92 39 1
145 159 1
26 163 1
25 40 1
21 146 1
92 240 1
30 201 1
74 225 1
176 42 1
126 234 1
32 177 1
23 160 2
235 196 1
147 39 1
19 168 1
89 223 1
6 54 1
99 10 1
208 13 1
205 134 1
84 117 1
88 191 2
142 143 1
240 76 1
55 198 1
162 236 1
224 63 1
96 141 1
179 199 1
140 110 1
185 63 1
17 90 1
137 143 1
34 42 1
25 30 1
85 162 1
126 150 1
126 109 1
86 166 1
231 191 1
30 188 1
167 217 1
26 220 1
17 58 1
132 110 1
26 248 1
68 4 1
23 226 2
67 144 1
66 195 1
92 164 1
188 107 1
183 83 2
204 230 1
24 77 1
231 13 1
100 64 1
37 227 1
36 199 1
206 58 1
151 211 1
63 124 1
28 14 1
26 191 1
115 54 1
110 233 3
138 13 1
201 220 1
141 223 1
206 13 1
172 232 1
179 168 1
113 139 1
90 63 1
169 125 1
70 121 1
6 151 2
135 200 13
25 230 1
155 188 1
86 76 3
5 14 1
85 210 1
235 168 1
139 162 1
92 103 1
68 67 1
84 211 2
232 109 1
201 103 1
20 172 1
111 28 1
235 151 1
147 103 1
39 198 2
71 108 1
133 220 1
131 152 1
90 136 1
90 5 1
3 132 4
248 135 1
84 63 1
101 61 1
89 141 1
220 231 1
101 60 4
30 231 1
115 83 3
183 115 3
129 101 2
219 109 1
200 63 1
30 63 1
24 137 2
46 104 5
18 249 1
170 141 1
172 135 1
204 125 1
214 124 1
224 124 1
99 200 1
141 52 1
173 128 1
161 4 4
28 189 1
134 14 1
42 240 1
177 216 2
236 223 2
175 163 1
81 42 1
130 80 1
206 53 1
235 109 1
189 158 1
155 243 1
151 64 1
146 109 3
27 173 6
49 202 1
214 10 1
169 109 1
113 90 1
90 188 1
181 236 1
179 103 1
25 248 1
95 88 1
26 150 1
190 161 1
53 124 1
142 198 2
234 105 3
34 190 1
24 181 1
162 43 1
43 143 1
146 233 7
177 215 1
162 124 1
185 39 2
164 13 1
20 136 1
58 5 1
224 108 1
185 240 2
240 39 2
240 110 1
162 200 1
100 153 1
235 63 1
95 155 1
17 198 1
205 227 1
88 74 1
25 63 1
30 234 1
29 110 1
88 188 2
50 195 1
27 65 1
172 240 1
206 198 1
84 220 1
65 151 1
171 236 1
139 134 1
34 232 1
172 39 1
34 13 1
190 211 1
95 150 1
201 10 2
113 124 1
135 107 1
34 164 1
135 236 1
182 154 1
126 175 1
49 11 1
28 199 1
32 194 1
224 231 1
37 147 1
201 243 1
29 215 1
90 92 1
224 179 1
168 188 1
229 16 1
184 172 1
37 77 1
235 49 1
49 54 1
71 205 3
89 80 1
121 219 4
114 4 1
151 58 1
113 85 1
111 117 1
150 164 1
249 243 1
136 199 1
53 201 1
95 8 1
25 95 1
90 176 1
217 211 2
39 58 1
101 177 4
146 16 1
155 191 1
39 109 1
40 50 1
100 33 1
182 16 1
167 141 1
89 50 1
68 89 1
99 107 1
99 136 1
26 108 1
21 46 1
145 230 1
106 109 5
133 150 1
178 3 1
51 103 1
114 82 1
155 39 1
58 107 1
176 8 1
137 39 1
115 154 1
157 49 1
42 63 1
67 241 1
182 147 1
71 232 1
69 98 1
224 204 1
192 150 1
23 201 1
175 53 1
192 211 1
26 8 1
113 10 1
183 101 1
206 165 1
159 40 1
175 165 1
126 201 1
17 225 1
28 150 1
181 52 1
184 158 1
210 244 1
76 241 1
92 142 1
150 74 1
159 234 1
95 187 1
88 162 1
172 225 1
91 175 1
235 176 1
93 141 2
222 103 1
167 109 1
130 198 1
33 10 1
20 100 1
84 248 1
81 164 1
25 205 1
101 146 4
40 196 1
30 248 7
185 42 1
96 158 1
235 205 1
94 93 5
171 241 1
205 136 1
71 240 1
169 231 1
93 40 1
168 145 1
240 13 1
65 238 1
113 211 1
106 229 1
179 220 1
96 140 1
185 62 1
162 226 1
85 33 1
25 169 1
26 111 1
126 33 1
22 161 1
176 199 1
30 124 1
230 109 1
228 219 1
33 74 1
189 141 1
144 49 1
190 107 1
238 226 1
77 137 1
117 225 1
81 198 1
206 74 1
134 225 1
112 46 1
18 69 2
136 191 1
92 162 1
24 76 1
69 40 1
24 80 1
141 161 2
21 70 1
173 65 1
88 139 1
28 187 1
28 11 1
91 76 1
119 118 1
157 203 1
198 124 2
137 226 1
183 46 8
26 28 1
135 155 1
184 138 1
130 173 1
220 10 1
120 195 2
189 225 1
179 175 2
28 191 1
93 81 2
192 10 1
158 216 1
33 40 1
111 220 1
6 189 1
49 226 1
39 230 1
192 224 1
91 144 7
173 49 1
217 16 2
150 191 1
163 58 1
246 66 1
176 135 1
188 230 1
23 58 2
205 180 1
92 138 1
57 236 1
19 156 4
145 117 1
235 189 2
39 204 1
147 141 1
244 5 1
143 44 1
235 206 1
90 142 1
147 44 1
224 81 1
23 90 1
176 162 1
85 117 1
116 187 1
168 154 1
85 179 2
126 90 1
200 103 9
94 152 1
171 218 1
62 180 1
248 42 1
111 150 1
184 243 1
23 115 1
248 152 4
161 198 1
175 155 1
36 245 1
130 93 1
139 145 1
95 99 1
100 249 1
235 108 1
58 124 1
58 57 1
105 233 2
92 220 1
17 135 1
224 234 1
37 43 1
173 177 1
184 139 1
77 4 1
168 133 1
169 108 1
246 141 2
95 92 1
205 117 1
53 188 1
99 171 1
142 204 1
34 176 1
88 201 1
162 51 1
17 169 1
220 244 1
133 58 1
149 203 2
185 205 1
126 230 1
20 142 1
58 11 1
150 243 1
225 125 1
33 53 1
133 13 1
80 40 1
175 104 5
214 201 1
27 23 2
80 50 1
147 4 1
116 198 1
205 225 1
88 145 1
88 124 1
38 221 6
167 66 1
133 187 1
137 158 1
179 65 1
93 96 1
154 8 1
206 199 1
30 39 1
139 138 1
228 127 1
138 150 1
193 98 1
66 1 1
161 52 1
34 162 1
133 63 1
68 65 1
35 49 1
175 176 1
206 159 1
34 81 1
32 83 2
18 164 1
168 124 1
216 98 1
184 78 1
235 216 1
56 233 5
84 201 1
34 244 1
93 199 9
71 145 1
192 63 1
111 85 1
192 69 1
25 191 1
150 162 1
92 58 1
18 124 2
46 121 3
124 107 1
179 54 1
133 196 1
159 163 1
135 10 1
100 109 1
150 225 1
100 220 1
179 150 1
189 40 2
232 240 1
176 150 1
232 8 1
99 135 1
26 109 1
169 135 1
74 210 1
147 236 1
134 199 1
223 191 1
68 137 1
181 158 1
133 141 1
81 141 2
244 124 1
96 190 1
150 108 1
148 135 1
205 208 1
189 232 1
208 234 1
22 76 4
50 236 1
42 150 1
142 74 1
155 226 1
184 124 2
224 198 1
192 198 1
98 110 1
232 191 1
243 5 1
141 50 2
175 134 1
185 244 1
26 40 1
184 214 1
42 208 1
92 249 1
99 244 1
187 230 1
175 225 1
115 216 2
88 8 1
74 163 1
62 220 1
88 164 1
88 223 1
34 126 1
1 105 7
170 127 2
42 230 1
239 229 1
114 103 1
27 54 2
192 236 1
81 162 1
232 199 1
101 149 2
126 10 1
178 177 1
30 172 1
20 154 1
224 162 1
94 81 5
169 10 1
6 45 1
248 5 1
205 40 1
205 135 1
86 146 2
84 172 1
36 143 1
108 14 1
106 219 1
90 139 1
50 44 2
162 234 1
165 243 1
22 4 1
168 199 1
85 103 1
92 71 1
17 206 1
67 179 1
126 142 1
28 65 1
76 45 1
126 103 1
56 110 4
232 159 1
136 107 1
51 62 1
204 5 1
189 117 1
76 203 2
43 44 13
23 231 1
80 96 1
135 14 2
209 238 1
30 109 1
36 39 2
36 196 2
176 190 1
74 200 1
17 14 1
28 5 1
78 141 1
34 139 1
198 188 1
183 49 1
99 58 2
171 209 1
76 54 1
184 142 2
206 14 1
71 13 1
99 125 1
148 200 1
113 136 1
22 60 1
90 64 1
36 223 7
6 133 1
140 236 1
36 81 1
126 124 1
138 188 1
181 89 1
99 76 1
26 64 1
145 191 1
169 163 1
175 198 1
108 199 1
148 233 1
58 8 1
121 109 1
56 144 1
84 204 1
182 56 6
20 8 1
106 247 2
235 133 2
181 4 1
236 231 1
147 140 1
106 233 1
143 223 1
21 121 1
90 138 1
25 192 1
23 91 4
100 179 1
74 107 1
20 23 1
248 134 7
157 58 2
101 106 1
145 53 1
30 226 1
25 136 1
182 132 5
115 121 4
165 5 1
211 1 1
3 76 2
92 117 1
62 124 2
189 4 1
188 124 1
40 51 2
111 165 1
192 176 1
134 5 1
122 221 24
113 230 1
185 133 2
211 244 1
154 191 1
126 179 1
82 229 1
37 143 1
184 116 1
142 243 1
90 155 1
92 225 1
189 161 1
142 135 2
249 188 1
176 155 1
88 117 1
18 244 1
126 164 1
37 51 1
165 150 1
165 103 1
214 234 1
113 99 1
183 105 2
85 243 1
134 40 1
95 77 2
127 124 1
190 162 1
114 132 1
168 53 1
99 176 1
50 120 1
232 187 1
178 49 1
55 244 1
126 225 1
126 69 1
185 196 1
68 93 1
148 219 1
164 14 2
20 138 1
179 248 1
210 103 3
235 14 1
64 230 1
106 12 3
235 64 1
64 238 1
195 127 1
197 215 1
248 116 2
83 236 1
176 40 1
217 124 4
89 216 1
25 64 1
30 10 1
38 218 1
179 159 1
133 117 1
81 169 1
247 105 1
37 78 1
155 109 1
190 234 1
168 71 1
111 205 1
224 201 1
138 165 1
185 145 1
34 14 1
228 105 9
190 204 1
111 81 1
231 230 1
130 83 2
66 234 1
135 204 1
63 243 1
82 109 3
174 49 8
43 198 1
37 151 1
201 244 1
138 199 1
136 226 1
18 162 1
69 208 2
235 55 1
90 248 1
174 236 1
124 233 1
80 143 1
151 109 2
151 57 1
199 5 1
185 220 1
111 5 1
216 223 1
183 103 1
228 1 4
165 164 1
18 188 1
113 206 1
136 204 1
84 165 1
168 58 1
90 175 1
190 151 1
100 108 1
10 103 1
189 43 1
178 83 1
65 54 1
99 144 1
26 33 1
108 225 1
3 228 3
106 103 1
111 40 1
96 62 1
133 140 1
240 244 1
90 33 1
169 42 1
138 14 1
117 210 1
81 168 1
60 128 1
42 64 1
184 4 1
116 13 1
117 199 1
69 191 1
192 124 1
192 142 1
34 8 1
133 143 1
192 204 1
113 234 1
81 133 1
199 200 1
206 136 1
184 74 1
175 136 1
81 204 1
184 161 1
96 64 1
28 76 1
28 230 1
247 220 1
34 150 1
92 134 1
74 155 1
121 16 1
208 44 1
34 125 1
40 14 1
134 210 1
42 236 1
86 202 1
189 196 1
144 64 1
85 155 1
153 104 1
220 109 2
150 40 1
53 230 1
84 137 1
169 39 1
126 30 1
147 193 1
143 124 1
185 92 1
217 220 1
20 164 1
224 164 1
39 244 1
187 124 1
192 30 1
89 44 1
28 168 1
6 39 1
200 13 1
205 107 1
144 83 1
95 199 1
240 14 1
21 16 1
248 63 1
17 84 1
84 159 1
111 243 1
85 108 1
142 64 1
25 26 1
126 188 1
126 138 1
188 103 1
36 142 1
86 157 1
88 244 2
111 74 1
20 42 1
190 116 1
156 103 42
189 187 2
43 223 1
18 71 1
154 107 1
243 225 1
32 7 1
30 108 1
49 83 1
5 103 1
38 122 4
82 12 4
181 40 1
236 110 1
139 165 1
168 42 1
151 195 1
35 233 4
38 242 8
78 142 1
84 145 1
71 220 1
34 131 3
231 107 1
26 17 1
36 4 1
184 136 1
141 44 2
172 187 1
138 220 1
179 176 1
140 198 1
113 134 1
206 220 2
137 142 1
184 30 1
192 164 1
68 236 2
68 171 1
135 211 1
181 68 1
154 203 1
83 128 2
113 8 1
175 204 1
100 5 1
84 198 1
248 230 1
185 249 1
138 159 1
208 125 1
179 151 1
39 211 4
20 95 1
248 210 1
248 138 1
101 105 2
89 142 1
101 59 2
168 162 1
25 134 1
25 18 1
179 64 2
230 8 1
138 240 1
86 101 3
169 232 1
99 238 1
56 157 1
84 5 1
20 116 1
99 211 1
69 210 1
113 208 1
182 59 3
80 223 1
167 168 1
28 90 1
17 99 1
177 115 3
17 187 1
27 11 7
18 208 1
33 210 1
37 24 1
249 124 1
69 199 1
163 198 1
88 187 2
95 191 1
126 162 1
117 107 1
248 244 1
185 71 1
165 33 1
214 187 1
170 220 1
204 236 1
35 177 1
153 200 1
183 148 5
216 128 4
184 90 1
192 184 1
51 43 7
190 164 1
199 14 1
63 8 2
95 248 1
34 175 4
88 30 1
23 125 1
84 30 1
68 85 1
20 150 1
248 53 1
221 242 11
133 137 1
133 14 1
20 224 1
240 216 1
145 13 1
96 44 1
100 139 1
68 44 1
57 64 1
85 135 1
89 55 1
25 155 1
68 40 1
32 86 1
52 4 1
245 89 1
100 243 1
201 14 1
162 109 1
91 85 1
190 198 2
95 165 1
167 232 1
34 220 1
35 32 1
80 6 1
74 199 1
174 45 2
28 205 1
167 116 2
37 189 1
17 64 1
23 169 1
40 230 1
185 13 1
71 204 1
208 231 1
26 236 1
192 71 1
20 107 1
34 39 1
136 198 1
160 45 1
51 236 2
179 125 1
28 179 2
30 42 1
74 8 1
158 4 1
68 50 1
92 188 1
179 74 1
65 57 1
169 225 1
232 13 1
26 103 6
26 214 1
106 141 1
133 165 1
236 8 1
90 103 1
7 194 1
101 3 2
67 175 1
50 247 1
208 10 1
226 234 1
92 100 1
140 141 1
168 220 3
155 231 1
192 188 1
211 109 3
192 138 1
30 240 1
171 200 1
138 163 1
81 189 1
212 226 1
181 189 1
206 134 3
130 216 2
184 145 1
175 142 1
28 136 1
95 249 1
176 69 1
37 103 1
173 83 2
49 236 1
138 232 1
92 136 1
23 134 1
40 211 1
197 132 5
24 240 1
37 184 1
78 55 1
111 179 1
77 158 1
74 208 1
90 191 1
93 140 1
24 4 1
22 198 1
199 225 1
111 230 1
20 99 1
18 62 1
181 93 1
25 204 1
85 125 1
92 244 1
74 230 1
126 117 1
171 54 4
185 77 1
20 162 1
55 124 1
169 234 1
147 240 1
22 89 1
95 205 1
99 225 1
108 13 1
166 110 1
240 163 1
240 208 1
162 10 1
100 175 4
17 85 1
84 163 1
179 232 1
85 109 1
83 228 2
34 116 1
25 17 1
126 134 1
203 15 5
175 151 1
18 167 3
245 103 1
183 66 1
28 91 1
4 227 2
36 240 1
135 13 1
50 110 1
17 244 1
113 74 1
24 235 1
30 103 1
243 244 2
126 211 1
63 236 1
111 154 1
17 13 1
71 139 1
29 101 2
28 117 1
81 225 1
33 117 1
37 240 1
26 243 1
34 148 1
146 110 1
140 4 1
99 57 1
201 231 1
184 134 1
206 5 1
20 169 1
71 14 1
28 200 1
168 103 20
58 188 1
80 103 1
113 138 1
60 233 6
78 240 1
41 103 1
61 15 1
192 162 1
39 227 1
245 4 1
135 198 1
27 45 2
26 63 1
100 205 1
141 195 1
178 103 1
126 220 1
242 104 1
232 225 1
185 23 1
235 226 1
188 226 2
160 64 1
39 200 1
172 208 1
164 53 1
137 62 1
169 211 1
248 142 1
168 164 1
25 138 1
68 161 1
163 204 1
144 238 1
42 139 1
117 124 1
88 208 1
199 188 1
111 176 1
90 201 1
171 226 1
173 115 2
17 113 1
211 5 1
99 198 1
192 243 1
100 155 1
142 236 2
224 139 1
185 151 1
159 191 1
42 53 1
139 74 1
167 247 5
189 220 1
22 28 1
76 143 1
46 1 2
78 223 1
210 124 1
184 69 1
69 193 1
163 199 1
151 240 1
37 40 1
173 171 1
165 109 1
113 30 1
199 8 1
244 107 1
85 241 1
93 76 1
168 240 1
78 103 1
64 107 1
190 154 1
168 39 1
68 209 1
175 187 2
129 177 5
245 158 3
126 71 1
185 199 1
190 244 1
100 230 1
176 220 1
179 139 1
185 40 2
148 221 1
23 83 1
210 109 1
20 226 2
240 55 1
163 125 1
158 196 1
65 76 1
142 110 1
164 58 1
20 108 1
159 187 1
85 144 1
17 205 1
6 4 1
235 84 1
144 110 1
226 103 1
30 8 1
25 139 1
28 17 1
91 209 1
245 68 1
206 205 2
40 58 1
190 10 1
90 30 1
236 227 1
168 69 1
192 235 1
224 214 1
249 5 1
171 144 1
69 162 1
34 5 1
26 42 1
129 70 1
161 51 1
150 33 1
81 201 1
113 243 1
249 117 1
63 244 1
34 113 1
81 10 1
88 172 1
187 13 1
37 133 1
39 14 1
211 62 1
58 117 1
206 162 1
187 188 1
140 158 1
93 4 1
115 128 1
18 154 1
184 168 1
40 214 1
235 53 1
71 198 1
151 103 1
17 162 1
224 187 1
183 109 4
145 154 1
190 188 1
155 58 1
192 200 1
23 126 1
71 125 1
179 58 2
190 147 1
40 117 1
129 16 1
10 109 1
158 143 1
172 154 1
236 191 2
99 65 1
66 62 1
189 52 1
30 135 1
64 210 1
114 167 1
80 158 1
134 63 1
32 110 2
133 134 1
235 163 1
160 238 1
158 236 1
248 145 1
217 62 1
101 12 1
176 234 1
137 40 2
52 143 1
69 14 1
155 10 1
90 42 1
42 165 1
30 154 14
58 225 1
26 230 1
6 11 1
192 145 1
116 14 1
91 58 1
135 191 1
192 134 1
40 191 2
175 51 1
18 165 1
26 116 1
67 76 1
204 220 1
26 124 1
212 218 1
181 133 1
206 138 1
130 55 1
159 39 1
18 100 1
175 138 1
130 110 2
13 107 1
28 134 1
55 44 2
184 162 1
175 249 1
29 83 1
42 199 1
76 98 1
6 179 1
23 136 1
28 201 3
148 105 1
78 216 1
172 230 1
15 233 3
3 233 1
246 195 1
201 116 1
22 40 1
231 124 1
86 215 2
239 228 3
189 199 1
53 243 1
220 103 3
84 206 1
25 198 1
26 159 1
7 131 1
235 179 1
17 107 1
175 201 1
88 71 1
66 4 1
235 202 1
188 225 1
6 49 1
205 152 1
86 132 5
22 68 1
86 235 1
120 234 2
240 5 1
165 210 1
23 249 1
204 225 1
161 110 1
162 208 2
50 223 1
240 199 1
224 90 1
134 163 1
100 168 1
168 205 1
85 238 1
248 64 1
142 154 1
22 110 2
142 63 1
126 136 1
131 41 1
28 165 1
69 8 1
206 42 1
116 204 1
172 189 1
117 230 1
136 243 1
154 208 1
100 125 1
30 33 1
232 107 1
5 109 1
189 138 1
92 8 1
22 185 1
191 244 2
58 214 1
34 201 1
157 215 1
71 226 1
34 153 1
215 228 1
35 83 2
184 165 1
214 230 1
168 33 1
184 249 1
164 163 1
113 142 1
192 23 1
245 124 1
162 243 1
36 93 2
39 225 1
192 225 1
234 107 1
42 225 1
175 145 1
50 198 1
169 155 1
205 203 1
185 95 1
246 124 1
23 53 1
4 109 1
163 244 1
56 149 3
39 63 1
145 116 1
185 236 2
108 125 1
172 199 1
244 13 1
179 234 1
23 68 1
100 169 1
108 117 1
101 109 4
25 103 1
89 62 1
25 142 1
205 8 1
179 154 1
129 56 1
179 63 1
126 95 1
199 124 1
24 110 1
42 135 1
55 52 1
184 5 1
96 76 1
92 187 1
68 124 1
99 204 1
141 40 1
192 190 1
46 119 1
177 49 1
142 208 1
189 139 1
77 78 2
17 74 1
42 187 1
189 164 1
78 44 1
4 220 1
183 202 1
39 10 1
58 244 1
167 4 1
126 154 1
71 201 1
165 108 1
132 109 1
170 44 1
92 214 1
183 106 2
63 230 1
51 52 11
25 235 1
99 190 1
85 230 1
139 107 1
17 232 1
175 117 1
185 198 2
15 109 1
148 218 1
164 187 1
248 39 1
30 189 1
39 210 1
99 151 1
56 115 2
133 5 1
145 14 1
112 169 1
100 189 1
23 238 1
146 215 2
116 200 3
85 133 1
17 199 1
223 244 1
235 85 1
163 243 1
84 40 1
50 211 1
137 162 3
81 179 1
175 107 1
239 59 1
236 10 1
245 185 1
249 220 1
30 40 1
99 232 1
246 62 1
155 236 1
162 103 1
69 164 1
111 84 1
165 155 1
24 55 3
113 107 1
150 103 1
52 103 1
37 124 1
17 231 1
22 124 1
249 187 1
126 145 1
13 124 1
184 159 1
43 196 1
206 164 1
78 190 1
90 40 1
23 173 2
111 175 1
71 63 1
235 52 1
71 211 5
200 221 5
168 139 1
17 164 1
151 54 1
111 187 1
216 44 1
25 243 1
190 124 2
29 228 1
53 198 1
215 105 1
84 150 1
90 168 1
212 241 3
141 127 1
133 236 2
74 13 1
162 64 1
205 151 1
185 113 1
65 58 1
232 14 1
26 201 1
176 240 1
142 214 1
63 107 1
179 214 1
43 103 1
133 136 1
179 10 1
90 109 1
235 190 2
235 161 1
78 212 1
200 242 1
92 236 1
195 124 1
25 74 1
56 109 1
176 208 1
208 8 1
166 202 1
108 159 1
32 183 1
191 124 1
42 134 1
168 226 1
232 58 1
26 249 1
211 103 2
192 136 1
69 4 1
18 150 1
188 234 1
116 220 11
26 188 1
206 142 2
124 180 1
71 155 1
64 10 1
232 124 1
126 208 1
36 162 2
28 138 1
89 143 1
176 71 1
184 164 1
221 103 1
206 210 1
99 240 1
135 40 1
175 230 1
198 226 1
34 165 1
92 165 1
23 142 1
99 49 1
88 159 1
78 51 1
18 105 1
88 230 1
138 230 1
62 247 2
206 230 1
174 175 1
244 103 1
17 159 1
69 151 1
216 110 7
145 40 1
36 184 1
25 111 1
25 211 1
147 196 1
108 40 1
185 88 1
235 211 1
192 5 2
6 216 1
248 13 1
198 107 1
248 232 1
227 234 1
125 230 1
84 232 1
93 43 1
18 225 1
120 180 2
150 199 1
90 8 1
136 187 1
134 155 1
20 184 1
161 227 1
215 61 1
248 214 2
138 244 1
249 155 1
36 24 5
155 64 1
28 154 1
25 28 1
86 59 2
69 44 1
126 40 1
126 135 1
18 85 1
159 211 1
224 99 1
168 10 1
183 70 2
240 220 1
204 13 1
189 50 1
134 226 1
211 105 1
163 107 1
81 249 1
142 231 1
64 225 1
36 55 8
189 142 2
81 116 1
111 162 1
88 142 1
71 136 1
115 239 5
33 145 1
220 44 1
138 8 1
82 46 1
184 140 1
172 117 1
179 190 1
168 109 1
18 8 1
189 116 1
114 234 1
36 80 1
192 154 1
28 188 1
85 10 1
190 39 2
175 74 1
139 164 1
52 208 10
139 163 1
58 234 1
235 204 1
56 146 1
235 231 1
163 187 1
90 230 1
34 100 5
164 39 1
19 142 1
138 124 1
248 150 1
140 240 1
25 33 1
40 223 2
183 118 1
85 169 1
231 14 1
18 90 1
159 201 1
92 124 1
108 243 1
90 214 1
247 124 1
18 23 1
183 239 1
249 8 1
161 127 2
133 232 1
6 226 1
133 107 1
54 238 1
150 232 1
66 228 1
113 155 1
142 14 1
185 147 1
154 243 1
17 100 1
184 117 1
42 117 1
198 4 1
136 5 1
16 233 2
142 40 2
142 124 2
140 76 2
116 244 1
139 225 1
173 236 2
99 159 1
49 215 1
52 223 1
154 63 1
130 236 1
137 199 3
33 154 1
134 39 1
216 50 1
95 235 1
135 187 1
184 89 1
179 191 1
136 214 1
161 143 1
190 158 1
92 74 1
34 168 1
17 179 1
205 62 2
205 164 1
185 204 1
243 125 1
185 51 1
20 165 1
58 231 1
20 63 1
30 133 1
248 107 1
26 198 1
20 231 1
240 53 1
96 223 1
240 103 2
80 52 1
162 211 4
100 133 1
68 223 1
199 109 1
137 124 1
27 28 1
249 208 1
235 166 1
85 189 1
137 191 1
226 109 1
146 83 1
133 116 1
126 64 1
3 49 1
71 42 1
69 110 1
182 124 1
133 76 1
175 243 1
99 187 1
214 109 1
111 208 1
249 14 1
172 53 1
69 154 1
114 44 1
192 214 1
120 109 1
24 216 1
37 4 1
161 40 1
142 116 1
81 214 1
76 4 1
81 234 1
187 14 1
33 201 1
131 221 3
45 241 1
111 168 1
77 124 1
49 45 1
40 231 1
167 105 4
172 8 1
17 154 1
113 175 1
185 231 1
111 13 1
235 188 1
190 4 1
34 107 1
192 187 1
34 46 5
53 204 1
95 5 1
160 49 1
84 138 1
249 40 1
26 179 1
74 220 1
53 234 1
176 187 1
179 57 1
28 204 1
23 145 1
20 210 1
71 191 1
179 145 1
224 58 1
108 230 1
6 147 1
68 133 1
150 208 1
169 248 1
96 133 1
133 124 2
134 64 1
133 142 2
169 116 1
134 150 1
88 53 1
176 232 1
176 10 1
95 33 1
67 174 1
53 109 1
95 64 1
69 13 1
155 234 1
92 99 1
235 116 1
24 78 1
42 136 1
35 132 5
173 202 1
17 124 1
22 115 1
18 113 1
136 155 1
197 3 3
172 104 6
91 57 1
20 201 1
23 225 1
192 135 1
168 236 1
175 40 3
66 103 1
18 141 1
117 13 1
50 180 1
69 58 1
69 247 1
179 116 1
232 188 1
28 142 1
200 104 8
136 125 1
167 180 3
69 145 1
210 191 1
18 187 1
74 226 1
218 221 3
74 244 1
34 134 1
92 150 1
23 138 1
5 13 1
227 103 1
249 69 1
77 147 1
201 225 1
19 103 30
78 43 1
111 169 1
121 1 1
27 151 1
91 179 1
95 124 1
78 4 1
195 62 1
224 84 1
42 10 1
196 110 1
245 190 1
60 203 2
189 204 1
136 116 1
27 58 1
23 214 1
53 225 1
43 227 1
135 225 1
170 211 2
30 208 1
175 214 1
163 64 1
96 161 1
235 215 1
68 198 1
162 159 1
6 55 1
10 244 1
187 63 2
93 51 1
65 236 1
165 187 1
129 146 2
240 155 1
240 196 1
243 231 1
100 190 1
202 109 2
64 243 1
190 236 2
249 163 1
142 158 1
88 58 1
182 178 1
18 84 1
126 107 1
159 200 1
94 137 3
235 42 1
130 68 1
144 57 1
155 211 1
232 103 1
77 189 1
192 169 1
69 125 1
76 15 2
196 236 1
136 244 1
66 105 1
113 220 1
141 76 1
150 5 1
36 216 1
189 136 1
111 164 1
76 238 1
88 136 1
63 210 1
71 134 1
22 24 1
58 201 3
78 135 1
34 214 1
71 231 1
151 4 6
23 139 1
77 241 2
99 54 1
76 59 1
184 141 1
99 64 2
74 58 1
165 63 1
168 108 1
189 143 1
52 220 1
209 54 1
113 150 1
139 125 1
201 236 1
182 15 3
81 33 1
85 208 1
147 142 1
151 44 2
28 124 1
68 174 1
154 234 1
99 169 1
183 170 1
35 101 2
100 212 1
178 41 2
22 15 1
108 200 1
100 13 1
235 10 1
20 51 1
164 230 1
23 39 1
4 103 1
145 231 1
248 155 1
182 101 12
39 64 1
248 225 1
176 125 1
201 107 1
179 200 1
235 139 1
147 137 1
41 222 1
244 14 1
164 210 1
146 46 1
20 90 1
162 117 1
169 200 1
20 30 1
248 165 1
81 236 1
25 109 1
25 184 1
25 150 1
28 173 1
230 234 1
208 220 1
24 142 1
172 249 1
165 13 1
184 14 1
131 242 1
224 210 1
192 168 1
18 236 1
212 13 1
211 228 1
28 95 1
82 228 5
184 187 1
126 81 2
142 138 1
142 188 1
40 225 1
95 243 1
82 121 1
27 179 1
71 214 1
198 10 1
74 187 1
18 107 1
169 63 1
64 103 1
92 201 1
114 182 1
33 164 1
95 81 1
184 68 1
226 13 1
26 139 1
165 162 1
99 168 1
150 210 1
142 211 1
176 145 1
179 210 1
162 40 1
85 100 1
189 243 1
205 162 1
134 58 1
162 210 1
185 43 1
133 244 1
245 196 1
176 58 1
26 204 1
80 4 1
240 52 1
145 5 1
33 234 1
240 33 1
80 51 16
133 139 1
236 234 1
95 163 1
196 4 2
120 247 3
89 124 1
8 14 1
205 232 2
18 192 1
203 83 2
245 24 1
178 209 4
190 220 1
76 55 1
165 226 1
210 230 1
50 124 2
232 39 1
164 199 1
192 92 1
138 39 1
185 76 1
135 226 1
117 187 1
190 249 1
138 210 1
34 154 1
155 214 1
17 226 1
76 152 1
224 244 1
28 220 1
224 225 1
211 64 1
33 63 1
136 225 1
77 198 1
170 66 3
184 175 1
235 43 1
197 101 8
37 198 1
167 106 3
168 136 1
182 228 7
113 168 1
235 124 2
224 117 1
33 230 1
239 105 1
34 104 7
6 76 4
136 200 1
84 142 1
134 13 1
190 189 2
111 244 1
22 173 1
74 14 1
113 210 1
162 63 1
23 76 1
248 8 1
205 147 1
169 230 1
232 5 1
154 202 1
39 117 1
114 50 1
68 189 1
96 189 1
181 161 1
179 201 1
133 138 1
249 199 1
235 155 1
246 161 1
174 65 5
150 109 1
95 103 1
153 242 5
205 193 1
36 137 17
137 52 1
157 216 1
182 61 1
42 142 1
168 231 1
36 124 1
68 241 1
136 163 1
172 107 1
137 141 4
92 155 1
18 142 1
243 8 1
192 249 1
134 187 1
131 148 1
175 135 11
64 234 1
135 240 1
175 8 1
36 161 5
26 53 1
55 223 2
216 202 1
6 209 2
18 50 1
115 46 6
148 46 9
34 136 1
23 150 1
92 64 1
99 39 1
150 145 1
76 52 1
77 227 1
78 124 1
172 236 1
235 103 2
95 188 1
108 231 1
174 76 1
22 52 1
125 10 1
111 225 1
189 198 2
69 147 1
81 154 1
101 132 2
40 200 1
158 40 1
246 69 1
113 184 1
205 127 1
185 235 2
129 121 1
224 154 1
162 163 1
248 14 1
211 125 1
88 200 1
95 198 1
99 230 1
205 243 1
108 5 1
106 44 1
90 10 1
35 105 1
215 83 2
80 76 1
17 81 1
138 74 1
60 110 3
234 14 1
92 69 1
69 220 2
76 161 1
76 49 2
200 125 1
94 131 1
30 210 1
204 191 1
168 234 3
111 145 1
155 200 1
77 133 1
190 187 1
77 93 1
95 172 1
134 231 1
66 217 3
135 5 1
142 226 1
175 160 1
209 236 1
24 93 1
34 18 1
165 208 1
189 134 1
181 43 1
159 226 1
93 196 8
17 5 1
32 115 1
71 138 1
51 187 1
22 37 1
81 230 1
58 200 1
8 109 1
173 216 1
121 229 1
184 150 1
206 7 1
214 236 1
17 189 1
209 57 1
113 165 1
92 198 1
209 76 6
139 63 1
81 103 1
91 160 2
224 145 1
22 101 1
163 13 1
68 78 1
200 220 2
85 84 1
55 51 2
85 234 1
155 210 1
190 53 1
100 208 1
208 117 1
167 152 1
235 6 1
164 236 1
220 125 1
23 45 1
154 231 1
106 50 1
93 124 1
147 158 1
109 103 2
128 110 2
163 210 1
216 62 1
71 107 1
172 205 1
240 125 1
236 125 1
23 100 1
205 220 3
20 26 1
85 187 1
161 124 1
25 108 1
234 8 1
168 159 1
25 165 1
68 160 1
86 110 4
200 231 1
85 173 1
26 92 1
140 39 1
153 135 1
159 214 1
179 71 1
192 58 1
95 133 1
184 220 1
77 100 1
192 175 1
192 191 1
34 159 1
142 13 1
182 216 2
189 231 1
206 244 1
235 243 1
136 14 1
142 134 1
142 51 1
137 110 1
69 203 1
115 203 2
229 1 2
18 243 1
37 39 1
173 174 1
74 117 2
249 135 1
199 234 1
154 64 1
154 162 1
183 110 1
85 244 1
183 132 2
190 74 1
18 127 1
133 33 1
179 241 1
136 201 1
209 241 1
19 200 1
168 40 1
99 175 2
138 107 1
133 208 1
125 191 1
55 191 1
139 154 1
100 225 1
58 226 2
224 107 1
65 45 1
240 109 1
80 43 1
199 103 1
162 214 1
235 83 1
226 244 2
138 58 1
141 4 3
25 163 1
88 210 1
167 246 1
68 52 1
28 30 1
195 247 2
245 37 1
175 241 1
17 125 1
69 240 1
249 13 1
249 232 1
192 201 1
219 1 7
89 190 1
42 164 1
76 223 1
243 191 1
151 180 1
28 211 1
115 132 1
175 220 1
33 214 1
189 234 1
58 116 1
92 13 1
111 190 1
168 210 1
199 64 1
202 15 4
235 51 1
93 189 1
90 249 1
71 200 1
174 238 1
24 227 1
168 134 2
93 198 1
151 49 1
199 231 1
80 142 1
111 14 1
149 228 1
153 218 1
125 8 1
136 211 1
84 136 1
53 10 1
190 133 2
32 173 3
205 124 2
225 107 1
131 194 1
133 188 1
129 60 1
172 190 1
108 232 1
200 244 1
88 55 1
115 76 1
95 108 1
53 103 1
246 137 1
205 199 1
169 69 1
246 247 1
108 163 1
24 175 1
42 138 1
173 203 1
26 225 1
29 49 1
126 99 1
116 8 1
184 210 1
95 30 1
75 61 1
20 214 1
32 236 1
130 128 1
66 109 2
18 138 1
117 14 1
64 226 2
37 55 1
204 231 2
171 64 1
219 16 1
23 10 1
181 147 1
206 139 1
130 39 1
130 142 1
175 144 1
20 113 1
135 46 6
34 142 1
176 107 1
183 82 8
99 45 1
76 51 1
198 230 1
78 52 1
74 39 1
214 5 1
201 117 1
182 239 2
30 71 1
42 234 1
239 233 2
60 202 5
6 141 1
191 234 1
95 230 1
163 225 1
18 64 1
27 57 1
203 61 1
25 200 1
53 40 1
169 53 1
158 43 1
32 174 11
135 124 1
23 164 1
185 80 1
235 200 1
46 233 1
39 191 1
89 227 1
57 241 1
134 107 1
187 64 1
194 103 1
134 53 1
95 204 1
140 50 1
188 231 1
224 95 1
80 198 1
168 198 1
167 220 3
51 110 1
17 235 1
155 53 1
134 136 1
142 161 1
169 172 1
26 95 1
224 100 1
144 58 1
184 110 1
232 163 1
99 214 1
95 175 1
22 190 1
113 226 1
113 145 1
175 164 1
40 110 1
165 199 1
189 165 1
87 83 1
181 51 1
85 220 1
12 233 1
236 103 2
167 195 2
71 142 1
51 50 1
91 99 3
88 249 1
66 141 1
76 50 1
141 227 2
99 63 1
77 104 1
214 225 1
17 133 1
92 204 1
114 183 4
67 226 1
85 206 1
36 227 1
134 33 1
81 108 1
162 191 1
36 235 1
151 220 1
22 96 1
145 125 1
151 161 2
55 43 1
85 6 1
190 216 1
39 234 1
52 196 1
139 155 1
40 54 1
100 14 1
235 234 1
20 55 1
23 49 1
185 248 1
163 117 1
133 230 1
178 222 1
172 145 1
108 135 1
150 107 1
78 50 1
40 220 1
205 14 1
200 218 3
94 141 2
165 14 1
90 200 1
184 13 1
42 109 1
178 215 1
32 11 2
95 189 1
141 39 1
28 249 1
189 147 1
185 137 1
95 232 1
184 58 1
36 50 1
137 161 4
76 44 1
235 107 3
92 231 1
77 40 1
23 171 1
142 136 1
142 43 1
58 241 1
90 154 1
126 63 1
185 69 1
99 163 1
249 152 8
169 107 1
249 107 1
52 44 2
64 109 1
154 164 1
81 100 1
245 142 1
226 14 1
114 141 1
85 54 1
123 16 1
187 107 1
189 244 1
205 154 1
185 200 1
106 195 3
177 110 3
133 243 1
140 161 1
65 49 6
42 33 1
92 88 1
208 191 1
116 125 1
108 220 1
240 43 1
235 240 2
80 55 1
91 67 2
178 131 1
27 32 6
147 223 1
197 86 3
44 234 1
181 110 1
235 81 1
217 127 2
232 135 1
67 45 1
105 109 3
68 51 2
127 109 2
84 243 1
155 107 1
165 231 1
17 126 1
176 248 1
116 199 1
29 177 1
111 88 1
100 40 1
66 180 1
192 248 1
151 236 2
24 39 2
135 109 1
24 196 1
51 143 1
181 210 1
37 190 1
17 220 1
28 99 2
51 223 2
211 63 1
33 64 1
6 174 1
34 90 1
138 208 1
90 39 1
174 226 1
40 44 1
76 158 1
27 144 2
172 220 1
24 226 1
184 176 1
81 244 1
96 236 1
93 133 1
159 231 1
168 138 1
113 190 1
168 249 1
45 64 1
34 192 1
20 33 1
245 40 1
34 53 1
248 117 1
53 231 1
28 159 1
182 173 1
226 8 1
160 54 1
84 134 1
90 172 1
190 139 1
205 188 1
74 5 1
66 127 4
21 233 2
248 7 9
185 154 1
52 236 1
169 240 1
18 224 1
203 193 1
145 208 1
125 13 1
196 143 1
111 125 1
240 226 1
168 201 1
6 124 1
78 196 1
58 109 1
208 230 1
95 109 1
70 75 1
137 43 1
78 76 1
201 212 1
192 74 1
155 116 1
23 208 1
135 8 1
130 101 1
81 139 1
114 205 1
22 142 1
175 13 1
17 8 1
28 144 1
185 78 1
216 203 3
173 64 1
28 10 1
173 54 2
100 236 1
77 142 1
175 223 1
20 145 1
34 138 1
6 173 1
92 63 1
99 53 1
76 43 1
95 42 1
77 221 1
127 103 1
77 161 1
36 236 1
80 190 1
138 225 1
80 110 1
201 187 2
22 43 1
34 78 1
67 6 1
22 203 1
150 124 1
131 104 3
81 39 1
145 39 1
220 107 1
25 201 1
141 217 1
175 76 1
232 211 1
43 236 1
184 244 1
217 12 4
158 51 1
23 154 1
23 162 1
164 220 1
106 120 2
21 239 1
99 8 1
248 226 1
22 93 1
96 6 1
188 10 1
205 98 1
165 117 1
70 16 1
19 153 9
179 230 1
90 234 1
114 127 2
140 103 1
100 176 1
168 211 1
185 189 2
197 115 1
162 230 1
234 13 1
142 164 1
18 81 1
22 157 3
95 63 1
135 242 1
232 155 1
6 222 1
192 179 1
163 63 1
42 243 1
22 177 1
17 243 1
175 162 1
24 84 5
189 140 1
181 216 1
141 247 1
90 164 1
29 76 1
8 103 1
137 103 1
198 210 1
176 164 2
35 182 7
76 60 1
127 105 1
173 226 1
37 152 1
179 171 1
209 58 1
18 234 3
63 103 1
150 135 1
168 191 1
134 103 2
139 64 1
81 109 1
6 131 1
163 14 1
39 226 1
216 83 3
99 179 2
183 178 1
190 55 1
96 50 1
24 184 1
91 151 1
108 211 1
176 165 1
106 59 1
185 181 1
84 214 1
39 62 1
240 62 1
147 110 4
133 44 1
164 40 1
240 143 1
169 204 1
7 103 1
89 137 1
198 5 1
86 105 1
179 164 1
168 204 1
69 109 3
24 141 1
195 109 1
190 231 1
18 206 1
117 236 1
111 139 1
25 92 1
23 116 1
204 188 1
142 8 1
80 227 1
111 192 1
42 40 1
82 70 1
159 125 1
184 50 1
17 117 1
90 159 1
189 226 1
182 115 3
33 124 1
206 243 1
136 13 1
142 140 1
69 200 1
176 159 2
115 202 2
58 238 1
35 235 1
214 116 1
24 236 2
199 10 1
185 227 1
17 30 1
228 16 2
245 141 1
172 5 1
179 243 1
28 63 1
78 104 1
181 196 1
81 124 1
85 57 1
134 240 1
34 169 1
139 103 1
17 176 1
85 99 2
30 74 1
68 77 1
148 228 2
20 137 1
58 220 1
42 103 1
232 230 1
26 200 1
240 51 1
214 244 1
80 216 1
150 155 1
56 76 2
162 201 1
189 76 1
163 234 1
235 93 1
39 44 27
181 200 1
30 7 3
113 249 1
68 43 1
201 200 1
60 61 1
175 191 2
236 44 1
184 130 1
192 88 1
197 56 8
190 214 1
95 135 1
171 212 1
116 230 1
135 33 1
161 39 4
159 58 1
113 244 1
126 74 1
198 13 1
175 248 1
174 58 1
51 44 1
232 117 1
116 5 1
189 10 2
206 154 5
91 238 1
69 243 1
74 164 1
64 63 1
43 124 1
88 220 1
184 190 2
37 89 1
235 40 3
37 196 1
131 218 2
172 14 1
151 39 1
199 226 1
54 241 1
20 103 1
134 135 1
95 13 1
46 38 2
39 40 2
155 244 1
30 179 1
20 155 1
236 241 1
71 243 1
54 64 1
95 201 1
99 220 1
169 189 1
80 161 1
68 147 1
169 206 1
111 126 1
96 147 1
160 226 1
197 182 9
176 53 1
25 145 1
203 233 2
67 171 1
36 151 1
137 51 2
200 5 1
56 216 2
176 225 1
69 5 1
201 208 1
30 162 1
18 111 1
172 188 1
136 53 1
94 76 1
188 191 1
117 211 1
23 224 1
92 163 1
18 136 1
117 5 1
113 42 1
64 231 1
143 103 1
34 17 1
23 234 1
181 151 1
201 188 1
71 163 1
184 76 1
179 42 1
22 141 1
126 196 1
28 135 1
185 172 1
216 196 1
184 208 1
28 6 1
182 215 3
88 248 1
115 40 1
23 165 1
81 74 1
27 226 1
181 190 1
51 226 1
184 236 2
22 51 1
134 188 1
150 188 1
182 3 5
191 10 1
18 227 1
69 189 1
136 117 1
18 63 1
145 107 1
85 65 1
232 200 1
20 240 1
21 183 1
158 52 1
171 57 1
88 69 1
30 176 1
176 210 1
196 198 1
84 176 1
95 211 1
224 249 1
90 133 1
20 81 1
100 171 1
85 236 2
248 139 1
84 155 1
85 107 1
142 162 1
25 116 1
126 210 1
35 76 2
226 124 1
159 198 1
108 145 1
172 139 1
211 247 1
136 58 1
29 86 1
99 201 1
190 50 1
184 240 2
163 103 1
113 231 1
30 107 1
150 13 1
130 89 1
232 63 1
181 55 1
236 109 1
90 162 1
151 217 1
18 200 1
71 150 1
29 56 3
130 240 1
22 36 1
58 211 1
22 13 1
59 12 1
33 187 1
116 107 1
114 83 1
197 177 2
139 8 1
123 219 1
125 107 1
37 50 1
184 248 1
130 6 1
28 244 2
192 8 1
249 108 1
134 108 1
6 137 1
224 74 1
190 159 1
68 173 1
135 199 1
63 14 1
154 233 1
25 226 1
190 43 1
208 187 1
108 198 1
236 124 2
20 53 1
157 110 2
23 40 2
163 191 1
56 147 1
14 124 1
133 8 1
20 179 1
212 200 1
240 63 1
235 137 1
61 128 1
39 199 1
240 116 1
150 117 1
143 227 1
23 99 3
84 188 1
61 110 1
169 198 1
81 58 1
248 188 1
20 17 1
7 41 1
84 58 1
115 105 1
205 13 1
179 162 1
28 174 1
245 181 1
215 233 2
69 108 1
24 140 1
24 103 1
234 5 1
133 163 1
232 145 1
139 208 1
113 163 1
211 231 1
204 124 1
224 150 1
172 134 1
74 63 1
35 59 1
182 49 1
151 143 1
37 141 1
92 226 1
33 188 1
40 199 1
142 165 1
142 52 1
58 243 1
69 211 5
37 216 1
130 227 1
159 236 1
131 222 1
249 138 1
26 232 1
185 225 1
210 5 1
33 103 1
95 85 1
135 117 1
28 103 1
226 5 1
28 57 1
81 188 1
25 84 1
25 10 1
146 219 1
139 187 1
139 33 1
17 190 1
30 116 1
30 145 1
205 64 1
18 139 1
100 221 4
68 80 5
40 143 1
42 108 1
248 103 2
99 133 1
220 180 1
111 71 1
111 236 1
205 249 1
161 43 1
214 204 1
111 107 1
23 236 3
146 202 1
40 109 1
58 10 1
209 226 1
85 151 1
34 69 1
40 10 1
105 103 1
68 55 1
3 203 1
133 64 1
187 244 2
96 55 1
175 210 1
198 109 1
99 117 1
111 201 1
20 198 1
91 68 1
135 103 2
212 221 1
141 240 1
92 81 1
158 50 1
76 128 1
82 148 1
82 239 1
224 240 1
88 175 2
224 230 1
198 236 2
224 39 1
43 4 1
74 162 1
115 123 1
224 232 1
224 172 1
77 200 1
37 68 1
115 148 3
37 205 1
189 44 1
182 202 7
151 45 1
80 141 1
147 143 1
95 220 1
33 225 1
163 226 1
25 244 1
192 117 1
212 38 1
53 226 1
215 110 2
84 135 1
35 228 5
176 117 1
100 38 1
171 46 1
172 159 1
189 110 1
205 133 1
185 158 1
132 203 1
84 42 1
133 189 2
169 133 1
39 50 1
248 240 1
125 14 1
243 109 1
240 223 1
50 220 1
172 176 1
240 231 1
224 69 1
168 214 1
148 121 1
101 202 7
185 124 2
218 104 3
58 103 1
101 15 5
200 210 3
235 100 1
32 182 1
26 90 1
30 164 1
172 124 1
62 4 2
117 200 1
192 210 1
81 248 1
130 182 1
232 244 1
243 234 1
138 63 1
23 6 1
201 124 1
13 103 1
175 14 1
28 234 1
135 53 1
18 117 1
88 5 1
206 232 2
78 40 1
76 193 1
214 226 1
77 6 1
81 240 1
22 216 2
113 69 1
22 202 1
182 12 1
183 119 1
111 224 1
6 140 1
189 200 1
69 133 1
113 172 1
192 220 1
181 77 1
25 214 1
26 154 1
155 163 1
40 198 2
17 109 1
126 8 1
185 93 1
30 190 1
164 226 1
154 220 1
6 43 1
248 231 1
205 58 1
84 190 1
95 200 1
137 227 1
103 152 1
205 191 1
144 160 1
68 99 1
33 5 1
90 189 1
36 76 1
209 11 1
245 76 1
10 5 1
85 171 1
105 12 3
28 113 1
159 204 1
142 201 1
204 243 1
90 211 1
126 243 1
57 226 1
144 54 2
168 8 1
187 211 1
155 198 1
192 113 1
117 220 1
6 227 1
95 168 1
134 220 6
154 58 1
150 220 1
142 232 1
50 109 1
185 142 2
70 46 1
105 180 2
84 109 1
12 16 3
189 150 2
37 220 1
27 91 1
177 233 7
142 240 2
88 150 1
189 227 1
35 239 2
217 195 2
145 225 1
58 198 1
141 124 2
173 45 1
117 243 1
130 78 1
179 172 1
18 10 1
130 50 1
92 200 1
245 137 1
114 1 1
134 109 1
184 77 1
40 187 2
190 163 1
163 5 1
39 231 1
156 46 5
85 8 1
190 51 1
195 227 1
133 52 1
148 109 1
108 204 1
236 188 1
66 161 1
164 10 1
248 163 1
4 236 1
120 227 1
86 177 1
20 10 1
169 145 1
197 216 1
172 74 1
84 124 1
17 208 1
248 124 1
205 145 1
165 214 1
198 14 1
205 247 1
27 209 1
126 235 1
140 55 1
69 103 1
189 51 1
17 210 1
190 226 1
133 155 1
232 74 1
183 3 2
114 220 1
184 231 1
141 216 1
111 189 1
54 236 2
134 8 1
113 199 1
100 159 1
177 146 1
185 110 1
224 165 1
69 180 1
154 244 1
22 233 1
136 64 1
18 214 1
235 191 1
142 150 1
142 53 1
220 5 1
18 163 1
32 152 1
18 191 1
173 238 1
199 211 1
183 112 1
165 135 1
114 62 1
249 142 1
99 241 1
113 179 1
172 69 1
113 95 1
111 42 1
154 61 1
33 226 1
25 206 1
95 84 1
135 38 1
28 33 1
28 64 2
226 11 1
26 133 1
85 58 2
25 85 1
176 74 1
139 109 1
22 182 1
185 211 1
134 145 1
115 15 2
39 124 2
179 249 1
248 33 1
99 189 1
141 158 1
211 127 2
240 40 2
158 223 1
3 83 1
214 198 1
133 147 1
199 244 1
8 244 1
197 202 4
7 76 1
139 14 1
195 211 1
67 49 1
200 8 1
68 216 1
183 197 1
96 216 1
170 4 1
249 230 1
42 125 1
84 231 1
164 198 1
184 125 1
162 107 1
20 204 1
34 236 1
172 40 1
190 201 1
111 92 1
103 124 2
201 8 2
24 198 1
69 244 1
22 137 1
28 100 1
82 105 4
78 161 1
174 57 1
247 44 1
189 8 2
6 78 1
159 14 2
141 234 1
117 188 1
111 171 1
208 103 1
63 5 1
168 150 1
46 228 4
113 176 1
199 220 1
80 140 1
111 8 1
111 116 1
22 58 1
169 243 1
20 109 1
245 52 1
190 210 1
53 211 1
95 14 1
160 57 1
190 69 1
249 53 1
151 43 1
192 234 1
100 117 1
171 49 6
129 239 1
204 107 1
245 161 1
36 44 2
28 176 1
205 189 1
33 162 1
153 131 1
64 188 1
95 214 1
240 10 1
163 220 1
68 151 2
96 151 1
111 53 1
179 198 1
114 124 2
185 4 1
22 61 1
201 230 1
7 154 9
185 188 1
88 39 1
25 172 1
225 8 1
135 201 1
36 133 1
91 6 1
235 232 1
168 229 1
18 114 1
184 109 1
26 224 1
155 225 1
184 6 1
91 49 1
211 107 1
25 81 1
3 110 2
26 234 1
113 5 1
230 191 1
108 64 1
24 68 1
34 28 1
134 116 1
150 8 2
111 206 1
130 40 1
130 140 1
126 199 8
26 46 1
173 209 1
42 211 1
78 147 1
34 199 1
166 83 1
34 135 14
236 143 1
137 44 1
197 146 3
35 202 1
235 175 1
99 124 1
246 217 1
22 55 1
67 236 1
196 103 1
191 8 1
189 211 1
69 139 1
145 210 1
154 5 1
83 109 1
150 53 1
81 159 1
141 211 1
34 111 1
40 204 1
17 108 1
30 206 6
185 116 1
185 81 1
235 198 2
217 44 1
39 243 1
176 133 1
6 51 1
91 64 1
235 69 1
20 175 2
185 232 1
165 125 1
246 50 1
240 211 1
177 61 1
168 200 3
248 189 1
138 145 1
198 223 1
20 71 1
25 23 1
205 116 4
20 64 1
175 124 1
18 235 1
131 46 3
208 199 1
172 248 1
190 225 1
154 124 1
155 204 1
4 223 1
68 64 1
154 216 1
163 109 1
212 104 1
126 176 1
185 138 1
100 210 1
150 14 1
232 64 1
189 155 1
58 204 1
184 201 1
197 109 2
109 13 1
176 154 1
139 10 1
27 175 1
191 109 1
32 49 19
33 39 1
184 92 1
36 77 1
27 67 1
68 238 1
63 13 1
25 231 1
190 52 1
17 236 1
100 201 1
133 51 1
100 8 1
198 143 1
177 109 1
20 39 1
88 236 2
232 220 2
235 225 1
163 116 1
133 10 1
145 8 1
23 176 1
240 64 1
4 127 2
235 141 1
39 196 1
172 211 1
133 223 1
21 115 1
106 16 2
70 148 1
23 95 1
20 28 1
204 200 1
179 160 1
205 42 1
28 232 1
28 172 1
140 216 1
36 190 1
69 33 1
138 191 1
90 198 1
99 236 2
18 28 1
76 215 2
69 159 1
84 234 1
189 64 1
141 55 1
133 103 2
196 227 1
34 221 5
211 226 1
185 139 1
74 64 1
184 53 1
120 4 1
76 83 5
34 249 1
88 179 1
177 3 1
18 217 1
23 174 1
6 110 2
224 8 1
69 204 1
95 244 1
139 226 1
232 152 1
165 107 1
249 136 1
56 69 1
80 137 1
188 244 1
137 198 1
183 146 2
245 140 1
18 126 1
28 109 1
28 58 4
139 142 1
165 154 1
51 124 1
142 196 1
25 234 1
138 103 1
34 179 1
139 108 1
190 165 1
17 168 1
205 63 1
154 230 1
134 74 1
133 191 1
39 188 1
248 109 1
26 211 1
176 244 1
111 69 1
80 39 5
68 227 1
214 211 1
240 236 2
249 214 2
56 177 3
6 194 1
92 232 1
167 44 1
226 107 1
219 180 1
40 234 1
248 206 4
132 59 1
3 202 1
176 231 1
28 23 2
84 191 1
133 145 1
175 242 1
193 110 2
232 53 1
164 204 1
184 126 1
192 85 1
224 208 1
46 242 31
30 191 1
210 8 1
192 208 1
130 4 1
190 248 1
192 206 1
24 40 2
34 226 1
175 133 1
81 208 1
182 157 1
82 106 3
184 155 1
174 54 1
88 176 1
77 135 1
6 171 1
170 195 1
34 95 1
240 227 1
45 58 1
151 76 2
184 100 1
76 166 1
184 179 1
204 10 1
93 147 1
159 220 1
168 165 1
36 6 1
181 96 1
95 226 2
163 231 1
6 143 1
190 137 1
171 45 1
30 236 1
235 201 1
200 236 1
225 103 1
169 13 1
20 124 1
185 161 1
176 142 1
209 144 1
45 11 4
243 188 1
84 99 1
108 234 1
114 120 1
243 103 1
150 201 2
235 157 1
172 175 1
90 69 1
22 62 1
101 203 4
101 154 1
85 163 1
185 155 1
81 69 1
205 200 1
36 189 1
85 30 1
108 155 1
24 190 1
82 16 5
184 64 1
184 108 1
126 169 1
91 45 1
135 234 1
108 109 1
243 10 1
24 89 1
138 64 1
81 137 3
247 234 2
130 43 1
130 141 1
22 140 1
88 235 1
17 234 1
26 39 1
37 110 1
216 193 1
173 61 1
93 52 1
206 188 1
69 74 1
187 225 1
141 236 1
95 74 1
26 240 1
34 205 1
88 14 1
137 223 2
183 235 1
69 116 1
197 149 4
88 155 1
71 10 1
179 173 1
88 168 1
99 188 1
187 5 1
113 189 1
173 11 8
132 233 1
231 210 1
192 99 1
85 199 1
81 55 1
55 199 1
85 5 1
25 113 1
217 233 1
92 191 1
235 145 1
175 208 1
176 139 1
50 4 2
86 233 3
164 231 1
165 232 1
99 14 1
210 14 1
84 168 1
164 191 1
36 96 1
162 199 1
164 214 1
28 84 1
142 210 2
106 69 1
179 225 1
162 116 1
162 8 1
134 159 1
23 88 1
248 133 1
17 92 1
248 204 1
162 223 1
101 216 1
249 159 1
89 161 1
198 44 1
17 248 1
159 199 1
214 191 1
234 244 1
40 124 2
190 227 1
92 42 1
77 151 1
4 44 2
77 38 1
95 190 1
204 14 1
66 227 1
42 191 1
96 110 1
23 33 1
17 191 1
177 60 6
248 201 1
185 134 1
243 226 1
231 234 1
76 11 1
22 44 1
18 211 2
189 163 1
18 40 1
34 208 1
198 227 1
71 225 1
138 117 1
115 228 4
201 5 1
184 135 1
206 8 1
179 174 1
77 52 1
168 243 1
172 13 1
245 130 1
184 88 1
70 233 1
28 45 1
28 210 1
55 39 2
67 160 1
245 236 1
185 226 1
133 43 1
178 110 1
151 147 1
126 232 1
176 138 1
4 180 1
164 234 1
36 103 1
235 227 1
168 63 1
20 234 1
235 150 1
42 145 1
114 101 1
3 149 2
14 109 1
20 34 1
78 38 1
101 83 3
154 15 1
67 57 1
26 165 1
201 198 1
140 51 1
85 63 1
225 230 1
71 116 5
172 191 1
179 69 1
179 209 1
190 14 1
155 187 1
146 148 1
92 116 1
69 163 1
211 234 2
184 226 1
133 108 1
60 15 4
113 53 1
23 117 1
192 244 1
224 136 1
184 216 1
145 236 2
136 63 1
17 116 1
18 201 1
183 12 2
206 191 1
90 85 1
211 180 1
142 55 1
136 236 1
228 124 2
69 198 1
170 205 1
32 144 2
126 159 1
199 204 1
99 155 1
39 110 1
249 134 2
166 49 1
199 236 1
154 83 1
33 231 1
183 149 1
249 244 1
63 220 1
175 205 1
18 125 1
111 133 1
28 108 1
23 159 1
182 235 1
62 227 2
46 118 1
85 226 2
138 33 1
179 40 1
179 124 1
190 140 1
139 40 1
187 103 1
246 227 1
185 214 1
243 210 1
106 211 2
185 159 1
20 139 1
114 170 4
248 108 1
99 139 1
185 191 1
179 211 1
133 151 1
235 162 1
197 203 5
176 236 1
30 5 1
167 69 1
239 46 3
175 148 1
84 226 1
133 74 1
190 8 1
192 84 1
224 199 1
20 211 1
184 143 1
116 225 1
113 58 1
74 125 1
161 55 2
181 135 1
175 189 1
133 4 1
18 169 1
182 166 1
28 151 1
22 130 3
184 163 1
175 206 1
136 165 1
88 190 1
175 232 1
164 243 1
138 201 1
159 5 1
18 145 1
76 157 3
28 224 1
88 231 1
24 44 2
22 212 1
42 226 1
151 55 1
235 210 1
249 240 1
245 43 1
28 163 1
160 58 1
190 71 1
25 188 1
6 175 1
236 244 2
106 220 1
20 188 1
175 190 1
205 139 1
185 164 1
240 234 1
142 141 1
39 187 1
145 201 1
134 208 1
240 164 1
172 168 1
111 39 1
238 241 1
129 123 2
162 220 1
200 243 1
249 154 3
231 225 1
181 103 2
169 71 1
176 214 1
235 50 1
168 225 1
184 103 2
155 201 1
130 76 2
95 179 1
23 67 2
26 10 1
108 33 1
108 63 1
81 150 1
34 30 1
23 8 1
134 232 1
187 243 1
130 51 1
111 155 1
130 103 1
232 210 1
175 11 1
168 117 1
55 227 1
182 203 4
173 58 1
164 64 1
135 125 1
167 124 1
76 39 1
77 218 1
23 65 1
74 53 1
76 196 1
100 99 1
74 211 1
33 244 1
164 162 1
113 133 1
85 249 1
22 196 1
51 198 1
111 226 1
85 205 1
189 214 1
36 37 1
181 80 1
150 39 1
85 11 1
24 158 1
232 198 1
20 244 2
39 5 1
169 40 1
23 191 1
17 33 1
163 40 1
235 99 1
36 147 1
148 16 1
59 109 1
224 159 1
162 155 1
6 40 1
93 110 1
33 109 1
23 248 1
227 124 2
208 200 1
20 85 1
177 83 4
23 92 1
202 110 2
17 88 1
248 198 1
132 228 5
34 187 1
20 69 1
25 117 1
28 238 1
182 177 5
206 204 1
216 61 1
26 189 1
88 240 1
208 204 1
40 188 1
169 190 1
154 187 1
170 151 1
187 200 1
184 225 1
24 143 1
131 76 1
95 176 1
28 248 1
23 103 1
185 108 1
168 5 1
185 136 1
100 74 1
181 39 1
22 223 1
139 136 1
167 205 2
18 198 1
115 236 1
95 53 1
8 107 1
198 64 1
6 103 2
210 125 1
34 212 1
183 217 3
163 208 1
139 234 1
115 229 1
77 103 1
89 103 1
168 107 1
140 227 1
210 13 1
28 240 1
151 11 1
65 11 1
191 103 1
192 14 1
162 244 1
28 39 1
192 159 1
151 158 1
190 240 2
146 228 2
100 214 1
133 40 2
44 124 2
176 134 1
154 110 1
185 25 1
220 152 6
133 234 1
145 10 1
235 165 1
42 74 1
142 107 1
169 74 1
164 125 1
95 154 1
134 117 1
147 124 1
89 151 1
205 5 1
121 123 1
205 236 1
126 92 1
140 43 1
24 124 1
84 225 1
169 236 1
231 8 1
155 117 1
164 201 1
18 17 1
178 202 1
214 125 3
84 10 1
189 63 2
133 109 1
82 124 2
93 78 1
126 168 1
34 163 1
224 134 1
184 55 1
126 172 1
37 6 1
95 58 1
141 180 1
37 206 1
23 172 1
90 84 1
77 143 1
142 216 1
30 205 1
58 191 1
20 249 1
206 107 1
229 12 1
139 231 1
170 1 1
92 168 1
199 198 1
224 30 1
18 108 1
249 165 1
34 243 1
113 169 1
170 227 1
113 88 1
185 224 1
158 103 1
168 248 2
228 233 5
135 116 1
184 95 1
136 208 1
215 109 1
95 206 1
101 233 11
101 173 1
133 201 1
190 141 1
30 117 1
100 226 1
162 125 1
189 109 1
20 133 1
92 125 1
159 107 1
248 58 1
30 139 1
232 10 1
151 137 2
56 3 1
168 1 13
145 226 1
155 103 1
223 124 1
158 44 1
111 54 1
249 201 1
235 164 1
209 160 1
53 117 1
26 71 1
140 124 1
245 223 1
68 39 6
176 226 1
32 77 4
139 232 1
96 39 1
90 187 1
26 81 1
126 249 1
45 236 1
136 154 1
164 211 1
20 200 1
234 180 3
210 10 1
111 235 1
109 180 1
113 125 1
94 41 1
89 78 1
34 231 1
24 211 1
61 83 2
92 85 1
135 244 1
42 154 1
26 58 1
28 198 1
32 215 1
33 198 1
222 104 4
69 232 1
90 53 1
45 57 1
17 165 1
165 40 1
1 109 1
92 169 1
93 151 1
24 62 1
208 226 1
4 143 1
151 216 1
209 49 1
95 231 1
150 63 2
18 4 1
92 40 1
245 51 1
34 40 1
25 124 1
39 52 1
176 116 1
151 144 1
235 214 1
147 40 1
225 109 1
169 14 1
89 6 1
208 14 1
185 162 1
205 110 1
84 116 1
95 71 1
150 154 1
108 10 1
150 214 1
240 161 1
43 110 1
86 83 2
169 187 1
17 95 1
20 111 1
142 156 2
124 16 2
189 191 1
25 175 1
126 133 1
183 166 1
195 105 1
153 46 27
235 187 1
225 234 1
30 159 1
184 63 1
184 33 1
26 231 1
117 198 1
68 103 1
81 206 1
139 117 1
92 159 1
108 103 1
138 154 1
37 96 1
34 26 1
114 195 2
130 52 1
17 10 1
185 175 1
216 198 1
27 83 1
135 58 1
18 116 1
111 214 1
88 13 1
151 127 1
140 62 1
26 100 1
71 234 1
82 217 3
91 173 1
95 210 1
175 209 1
173 15 1
181 44 1
182 233 15
204 103 1
6 142 1
81 53 1
55 196 2
245 62 1
135 208 1
181 235 1
145 103 1
25 225 1
171 58 1
141 198 1
232 204 1
235 172 1
158 55 1
126 14 1
108 214 1
168 175 1
108 58 1
30 175 1
169 8 1
117 10 1
99 13 1
108 191 1
142 230 1
147 98 1
220 227 1
20 168 1
108 124 1
114 233 1
137 4 2
240 200 1
161 216 1
20 84 1
59 124 1
142 5 1
165 244 1
10 13 1
248 211 1
34 117 1
106 205 1
85 174 1
126 58 1
246 109 1
18 92 1
30 125 1
108 187 1
108 74 1
126 191 1
192 53 1
65 64 1
190 110 1
99 208 1
184 227 1
139 211 1
216 236 1
68 62 1
154 53 1
23 108 1
185 109 1
175 154 1
185 140 2
243 220 1
83 15 5
231 10 1
78 236 1
59 217 1
142 244 1
18 204 1
78 218 1
33 116 1
88 64 1
117 191 1
138 10 1
82 115 1
35 183 2
173 233 1
206 10 1
29 182 2
77 43 1
169 188 1
85 240 1
184 235 2
90 225 1
26 192 1
227 223 1
155 125 1
189 162 1
217 120 1
169 162 1
126 231 1
177 203 2
235 3 1
176 136 1
185 34 1
168 64 1
220 14 1
163 188 1
56 101 7
20 236 2
235 140 1
39 208 2
100 135 5
172 200 1
165 145 1
95 164 1
52 124 1
169 201 1
14 103 1
110 103 1
20 185 1
89 43 1
25 107 1
168 155 1
67 58 1
123 109 2
88 205 1
247 109 2
85 64 2
40 62 1
46 123 1
90 199 1
101 124 1
190 13 1
19 26 1
171 221 1
18 26 1
224 64 1
228 109 4
211 10 1
139 201 1
77 50 1
161 62 1
113 39 1
134 234 1
34 224 1
34 155 1
224 138 1
41 194 1
28 235 1
88 169 1
224 220 1
175 238 1
129 82 1
211 4 1
187 125 1
23 175 2
93 62 1
144 226 1
69 195 2
92 175 1
71 208 6
165 58 1
18 109 2
93 143 1
89 96 1
121 233 1
214 13 1
249 109 1
90 125 1
145 64 1
86 115 1
190 76 1
195 180 2
190 125 1
28 54 1
85 53 1
25 90 1
71 188 1
42 232 1
85 231 1
138 108 1
190 150 1
17 175 1
30 187 1
187 109 1
185 201 1
100 218 3
189 108 1
20 189 1
142 145 1
33 107 1
171 38 1
220 8 1
214 200 1
111 103 1
240 243 1
147 227 1
108 116 1
137 244 1
30 14 1
88 125 1
200 234 1
68 45 1
146 123 2
183 182 2
245 96 1
90 117 1
249 225 1
71 236 1
206 208 1
165 225 1
208 243 1
232 52 9
164 200 1
192 133 1
34 10 1
23 199 1
143 110 1
113 126 1
26 126 1
23 5 1
131 135 3
34 218 3
35 29 1
46 212 1
92 84 1
81 199 2
17 230 1
28 133 1
139 135 1
249 116 1
55 226 1
76 103 2
51 227 1
99 249 1
33 204 1
138 214 1
45 54 1
76 194 1
168 125 1
88 226 3
184 169 1
235 177 1
32 202 1
42 231 1
151 51 1
69 165 1
169 191 1
114 106 5
245 216 1
145 163 1
174 160 1
39 51 9
30 169 1
23 155 1
129 115 2
172 163 1
71 244 1
169 220 1
54 83 1
117 8 1
224 248 1
169 139 1
84 100 1
145 214 1
179 231 1
106 151 1
220 210 1
111 240 1
78 200 1
88 40 2
25 168 1
88 109 1
95 107 1
126 189 1
185 28 1
205 211 2
245 50 1
176 201 1
18 99 1
136 39 1
155 230 1
117 204 2
134 230 1
154 198 1
28 88 1
113 13 1
90 232 1
69 39 1
111 248 1
64 11 1
64 124 1
182 205 1
173 57 1
78 133 1
176 108 1
88 165 1
22 245 1
184 96 1
141 220 1
22 240 1
220 234 2
138 226 1
29 166 1
175 69 1
22 39 1
181 223 1
185 100 1
70 115 1
111 231 1
6 152 1
189 201 2
33 13 1
125 5 1
135 212 1
231 244 1
26 164 1
217 1 1
235 78 1
235 74 1
175 199 1
185 117 1
92 107 1
185 85 1
240 162 1
220 225 1
84 175 1
80 124 1
20 206 1
108 188 1
182 69 1
43 62 1
90 135 1
70 146 2
100 172 1
162 44 7
89 4 1
34 38 1
249 125 1
28 69 1
24 133 1
172 206 1
190 230 1
116 211 1
6 198 1
69 127 1
114 69 1
182 98 1
23 109 1
185 33 1
211 236 1
185 165 1
159 230 1
198 204 1
165 211 1
165 64 1
81 187 1
27 68 1
177 15 2
92 234 1
18 195 2
95 39 1
181 240 1
198 63 1
175 65 1
58 64 2
167 62 1
99 160 4
214 14 1
77 51 1
18 180 2
209 45 1
113 135 1
179 107 1
154 155 1
169 124 1
192 13 1
172 71 1
81 107 1
154 159 1
28 49 1
227 44 2
88 214 1
189 240 2
169 164 1
139 159 1
146 239 1
29 32 1
208 124 1
235 230 1
131 103 1
145 234 1
235 136 1
100 136 1
95 162 1
163 236 1
85 134 1
205 74 1
20 25 1
192 42 1
89 51 1
89 147 1
25 135 1
115 110 2
64 241 1
96 196 1
88 199 1
140 52 1
42 210 1
192 230 1
138 243 1
126 248 1
90 205 1
100 240 1
246 4 2
111 204 1
183 233 2
24 191 1
25 220 1
224 142 1
18 176 1
76 222 1
214 103 1
235 169 1
224 14 1
18 155 1
126 163 1
18 33 1
77 62 1
173 110 1
113 23 1
139 198 1
153 221 19
53 208 1
161 162 7
53 125 1
71 124 1
25 8 1
29 3 2
133 214 1
190 138 1
162 58 1
17 172 1
129 233 6
205 159 1
74 10 1
147 50 1
100 231 1
106 217 10
189 103 2
33 8 1
147 76 4
232 234 1
116 210 1
248 191 1
68 144 1
240 107 1
111 33 1
147 62 1
116 208 1
19 206 1
34 71 1
219 233 1
105 110 1
68 49 1
85 74 1
165 204 1
149 132 3
236 5 1
157 60 1
245 77 1
42 133 1
65 160 1
40 243 1
28 184 1
236 230 1
192 81 1
224 205 1
192 189 1
29 178 1
30 243 1
210 234 1
192 205 1
190 206 1
26 125 1
23 11 1
175 5 1
81 205 1
18 179 1
184 196 1
28 226 2
136 150 1
100 232 1
6 190 1
224 53 1
116 152 1
74 154 1
95 116 1
37 181 1
224 190 1
208 107 1
1 103 2
185 234 1
183 76 1
174 11 2
216 103 1
24 223 24
231 125 1
42 200 1
113 232 1
150 64 1
114 105 2
189 188 1
245 55 1
28 155 1
232 201 1
25 58 1
21 148 1
39 43 8
100 187 1
205 210 1
54 11 1
20 163 1
41 152 1
169 5 1
248 10 1
205 39 1
56 202 5
208 244 1
95 69 1
92 139 1
240 158 2
111 210 1
96 137 1
224 71 1
156 200 2
101 215 1
142 155 1
142 4 1
88 108 1
85 160 1
21 82 1
205 198 1
176 200 1
232 164 1
26 226 1
17 40 1
93 6 1
38 200 1
66 205 1
154 211 1
138 162 1
81 165 1
34 23 1
60 109 1
161 50 1
130 60 1
37 44 1
214 231 1
64 5 1
126 200 1
185 176 1
151 196 2
71 189 1
42 198 1
173 60 1
78 189 1
26 244 1
176 109 1
23 135 1
17 142 1
76 202 1
34 124 1
135 145 1
90 240 1
164 159 2
206 225 1
204 109 1
245 78 1
42 220 1
36 68 1
163 8 1
36 185 1
145 109 1
85 13 1
26 162 1
217 50 1
217 234 1
92 243 1
126 13 1
108 201 1
185 84 1
44 127 1
185 26 1
12 109 1
176 124 1
84 236 1
84 169 1
20 190 1
22 77 1
116 191 1
205 244 1
184 81 1
68 96 1
224 235 1
162 14 1
134 164 1
100 78 1
10 14 1
85 172 1
151 226 1
200 107 1
28 209 1
214 243 1
24 189 1
169 176 1
46 103 15
204 244 1
93 227 1
206 187 1
154 128 1
172 150 1
187 204 1
78 143 1
6 44 1
154 204 1
154 39 1
67 64 1
211 230 1
113 225 1
185 103 2
142 220 1
185 150 1
53 200 1
81 85 1
189 135 1
81 117 1
184 42 1
206 40 1
236 107 1
88 135 1
206 63 1
18 39 1
198 62 1
223 44 1
116 103 4
88 63 2
157 201 1
198 125 1
138 234 1
18 240 1
201 13 3
206 234 1
21 109 1
17 103 1
17 63 1
214 8 1
77 216 1
245 143 1
51 244 1
167 234 5
209 110 2
185 96 1
32 54 1
25 249 1
26 135 1
192 163 1
183 177 1
190 40 2
150 231 1
83 105 1
126 226 1
177 202 6
185 58 1
220 127 1
208 188 1
164 8 1
185 18 1
114 247 1
220 13 1
100 163 1
235 134 1
181 62 1
100 134 1
150 187 2
137 196 8
85 136 1
169 214 1
92 30 1
20 24 1
111 249 1
89 52 1
168 156 1
25 189 1
68 54 1
178 76 3
126 88 1
71 117 1
46 105 1
171 238 1
188 210 1
111 198 1
249 234 1
183 1 1
228 103 1
190 196 1
189 62 1
139 214 1
130 154 1
192 240 1
113 204 1
204 210 1
37 130 1
203 109 1
76 62 1
32 23 1
159 210 1
28 214 1
99 248 1
37 142 1
58 125 1
189 5 1
206 163 1
164 103 1
90 81 1
142 39 2
4 124 2
37 161 1
17 184 1
88 42 1
170 234 1
92 176 1
90 206 1
130 223 1
18 103 1
116 236 1
249 150 1
249 103 1
113 92 2
80 133 1
187 8 2
130 143 1
247 227 1
63 231 1
243 107 1
32 166 1
113 248 1
155 40 1
135 163 1
184 181 1
85 39 1
190 143 1
178 166 1
190 142 2
139 39 1
125 244 1
23 124 1
94 196 12
189 33 1
150 116 1
154 188 1
185 243 1
26 205 1
20 220 1
162 204 1
35 70 1
111 109 1
235 158 1
199 243 1
53 187 1
90 108 1
52 62 1
30 13 1
200 10 1
81 172 1
95 241 7
77 196 1
236 11 1
42 189 1
182 123 1
84 108 1
36 62 1
34 234 1
135 230 1
113 116 1
66 50 1
24 52 1
181 142 2
206 152 6
55 4 1
71 154 1
181 124 1
81 196 9
22 189 1
18 170 1
184 205 1
136 188 1
81 8 1
43 208 8
175 226 3
135 210 2
33 211 1
25 232 1
174 241 1
37 76 1
184 99 1
111 172 1
169 64 1
184 232 2
78 62 1
185 6 1
93 137 6
62 143 1
18 5 1
17 163 1
191 5 1
69 141 1
53 244 1
189 124 2
226 225 1
249 39 1
74 231 2
20 159 1
66 124 1
55 103 1
200 14 1
198 110 1
197 83 2
230 14 1
209 147 1
145 211 1
85 214 1
246 120 1
208 198 1
179 226 2
96 4 1
85 232 1
169 117 1
249 226 1
200 191 1
88 51 1
25 190 1
88 103 1
67 173 1
126 139 1
200 124 1
205 204 1
183 157 1
155 8 1
235 117 1
184 62 1
172 210 1
232 162 1
116 10 1
181 143 1
173 76 1
192 126 1
234 103 1
23 230 1
114 246 1
168 232 1
175 57 1
188 109 1
113 14 1
142 223 1
243 230 1
69 53 1
81 134 1
114 211 2
206 189 1
37 223 1
88 189 1
71 133 1
42 204 1
22 184 1
115 59 1
92 133 1
23 144 3
77 240 1
69 187 1
26 99 1
80 78 1
34 188 1
30 211 1
18 247 2
196 124 1
112 119 1
80 189 1
243 236 1
192 100 1
85 198 1
225 124 1
18 231 1
36 89 1
33 14 1
154 14 1
141 196 5
24 162 8
100 204 1
39 13 1
85 124 1
23 243 1
163 39 1
55 143 1
168 190 1
20 58 1
86 239 1
176 189 1
84 205 1
211 225 1
176 188 1
20 176 1
111 23 1
90 226 1
185 52 1
240 204 1
162 187 1
134 162 1
192 108 1
52 110 1
248 200 2
208 236 1
85 175 2
126 125 1
175 188 1
18 88 1
165 10 1
172 165 1
32 3 1
214 210 1
20 117 1
184 224 1
6 223 1
133 110 1
77 80 1
6 160 1
113 63 1
28 206 1
136 240 1
235 71 1
185 141 1
81 84 1
76 228 2
87 61 2
201 204 1
92 10 1
18 205 2
58 199 1
58 63 1
142 125 1
138 187 1
32 131 1
167 50 1
184 189 2
249 139 1
37 116 1
216 143 1
197 76 2
245 133 1
184 80 1
155 63 1
167 219 1
190 155 1
55 216 1
25 5 1
232 116 6
133 39 2
27 241 1
52 211 1
240 210 1
56 132 2
84 208 1
109 107 1
56 15 5
80 62 1
20 223 1
240 225 1
111 232 1
235 138 1
100 138 1
240 50 1
172 204 1
23 232 1
165 74 1
235 249 1
179 5 1
211 124 2
196 62 1
84 210 1
6 196 1
17 214 1
30 230 1
25 133 1
67 54 1
68 57 1
28 190 1
84 240 1
40 63 1
69 107 1
84 230 1
146 132 1
18 30 1
111 211 1
165 8 1
227 109 2
190 205 1
77 96 1
196 44 1
113 198 1
184 39 2
76 227 1
177 128 1
34 171 1
216 39 1
23 168 1
224 5 1
224 236 1
139 220 1
198 8 1
46 221 21
168 189 1
34 191 1
249 33 1
185 223 1
25 240 1
33 155 1
32 157 1
28 157 1
8 5 1
81 210 1
85 45 1
178 157 1
133 211 1
190 136 1
216 227 1
74 234 1
23 188 1
179 135 1
189 53 1
30 138 1
42 107 1
93 236 1
18 44 1
169 150 1
176 243 1
40 4 1
132 83 1
68 226 1
111 108 1
217 103 1
68 6 2
245 93 1
101 76 2
56 98 1
139 240 1
27 236 2
32 235 1
239 132 1
96 40 1
84 244 1
26 85 1
35 146 4
68 240 1
40 52 1
210 225 1
84 103 1
176 249 1
232 40 1
192 139 1
30 244 1
190 208 1
100 53 1
116 226 1
24 51 2
114 217 7
185 143 1
181 141 1
56 83 1
22 133 1
184 199 1
173 154 1
136 124 1
28 231 1
99 243 1
33 200 1
23 240 1
136 230 1
18 74 1
211 13 1
76 160 1
172 226 1
91 171 1
185 10 1
151 52 1
199 230 1
69 150 1
135 220 1
150 163 1
134 165 1
145 155 1
232 214 1
126 116 1
32 178 3
245 189 1
172 155 1
248 234 1
205 53 1
56 203 5
93 216 1
95 208 1
8 124 1
39 143 1
39 116 1
138 164 1
240 154 1
32 56 1
90 71 1
101 228 5
80 44 1
179 236 2
198 220 1
88 33 1
81 71 1
200 188 1
205 195 1
201 210 1
185 192 1
129 202 2
168 219 2
190 109 1
42 162 1
147 161 1
95 169 1
192 125 1
154 103 1
139 116 1
18 151 1
26 74 1
69 216 1
81 136 1
40 107 2
89 76 2
206 133 1
36 211 1
111 163 1
168 187 1
88 133 1
135 64 1
28 116 1
18 58 1
92 206 1
6 240 1
115 60 2
220 226 1
92 189 1
23 133 1
99 40 1
76 216 5
111 113 1
71 8 1
74 198 1
29 157 1
168 105 6
140 196 1
170 180 1
185 99 1
182 193 1
85 204 1
163 10 1
145 58 1
85 14 1
81 163 1
154 10 1
100 198 1
93 158 1
85 188 1
30 199 1
158 39 1
126 42 1
185 187 1
224 163 1
68 196 1
36 110 1
84 199 1
99 5 1
120 220 1
20 5 1
176 33 1
42 69 1
240 188 1
106 246 1
240 198 2
224 88 1
20 88 2
162 13 1
165 240 1
23 235 1
84 161 1
165 39 1
89 158 1
55 236 2
158 161 1
205 187 1
25 187 1
86 49 1
69 231 1
137 76 1
226 210 1
82 59 1
169 175 1
46 109 1
185 126 1
154 210 1
187 199 1
192 109 1
99 205 1
206 249 6
62 110 1
77 235 1
12 124 2
66 44 1
18 66 1
113 201 1
96 103 1
22 78 1
211 243 1
198 200 1
100 145 1
165 200 1
138 231 1
111 63 1
177 123 1
235 110 2
206 64 1
74 236 1
28 42 1
18 53 1
136 234 1
116 109 1
142 58 1
198 225 1
163 201 1
144 236 8
27 171 1
184 133 2
202 61 1
29 197 3
90 210 1
92 205 1
171 78 1
168 244 1
184 93 1
136 74 1
114 151 1
68 179 1
51 191 1
83 110 5
137 216 1
159 63 1
88 100 1
236 210 1
63 10 2
3 166 1
185 24 1
235 44 1
86 178 1
6 144 1
235 142 2
100 142 1
240 187 1
172 198 1
133 227 1
179 11 1
95 159 1
64 236 2
134 152 4
85 138 1
205 231 1
20 18 1
141 62 2
89 189 1
159 116 1
96 198 1
32 95 9
88 198 1
140 40 1
139 243 1
3 59 1
170 105 1
17 188 1
90 204 1
190 5 1
133 159 1
236 220 1
90 99 1
249 10 1
114 228 4
190 199 1
247 127 1
70 123 1
130 158 1
113 40 1
196 223 1
34 225 1
93 190 1
18 190 1
174 151 1
189 14 1
34 235 1
138 204 1
164 109 1
142 44 1
37 158 1
206 103 3
151 241 1
37 93 1
172 10 1
185 44 1
130 233 1
94 7 1
63 226 2
161 44 6
85 49 1
165 159 1
183 127 1
179 53 1
133 200 1
190 134 1
40 116 1
71 53 1
134 10 1
246 44 1
179 144 1
189 216 1
30 142 1
99 108 1
26 107 1
6 236 2
169 165 1
57 238 1
68 142 1
111 58 1
240 191 1
235 154 1
223 103 1
85 139 1
6 62 1
25 154 1
56 60 4
34 63 1
91 65 1
235 236 3
90 116 1
245 80 1
26 84 1
170 103 1
165 230 1
175 244 2
84 33 1
194 222 1
55 50 1
192 199 1
26 117 1
197 228 3
24 43 1
23 13 1
71 64 1
71 162 1
175 139 1
76 124 1
42 159 1
249 42 1
44 103 1
81 13 1
42 201 1
187 10 2
175 231 1
74 243 1
91 236 1
88 138 1
224 176 1
170 246 1
164 63 1
37 140 1
46 218 3
22 201 1
130 202 1
191 14 1
189 159 1
69 138 1
150 159 1
145 63 1
53 199 1
246 180 1
235 76 2
53 5 1
147 198 1
147 52 1
71 58 1
214 63 1
99 209 1
84 187 1
93 55 4
209 151 1
95 212 7
224 206 1
211 188 1
129 46 1
146 121 1
240 201 1
168 208 1
185 210 1
248 71 1
78 198 1
249 162 1
142 163 1
217 4 1
176 14 2
105 16 5
26 113 1
50 143 1
176 211 1
238 11 1
69 234 2
155 13 1
181 76 1
67 65 1
190 108 1
136 40 1
136 109 1
116 234 1
175 58 2
154 200 1
108 107 1
34 99 1
81 142 1
206 69 1
49 64 1
219 234 1
175 125 1
27 85 1
88 81 1
177 76 2
185 190 2
148 104 1
198 191 1
159 244 1
81 226 1
187 226 2
95 145 1
34 211 1
92 14 1
23 189 1
151 124 2
74 40 1
74 204 2
33 191 1
149 15 1
112 118 1
42 8 1
215 123 1
18 226 1
145 188 1
27 40 1
81 155 1
230 244 1
25 208 1
24 161 4
100 211 1
20 191 2
53 39 1
23 241 1
185 50 1
185 90 1
89 198 1
172 63 1
185 30 1
99 11 1
93 103 1
220 230 1
22 80 1
6 241 1
127 234 1
90 231 1
20 248 1
240 145 1
172 201 1
240 124 2
160 11 1
245 110 1
179 8 1
177 166 1
20 92 1
23 81 1
74 103 1
205 76 1
30 100 1
6 50 1
51 4 1
7 52 7
205 234 2
205 50 1
23 205 1
28 236 2
245 184 1
151 160 1
127 180 1
208 211 8
24 147 1
169 168 1
165 234 1
190 223 1
133 162 1
206 117 1
172 136 1
192 33 1
170 247 1
202 215 1
179 133 1
190 232 1
32 222 1
113 64 1
150 230 1
113 162 1
175 159 1
100 188 1
105 124 2
187 198 1
130 77 1
76 226 1
144 76 1
71 135 1
95 40 1
78 221 1
197 110 2
192 39 1
159 117 1
130 190 1
65 226 1
24 6 1
17 150 1
89 110 1
139 200 1
199 125 1
130 115 1
171 174 1
63 225 1
28 53 1
136 145 1
53 210 1
99 173 1
114 16 1
99 145 1
85 225 1
29 15 1
175 116 1
65 241 1
18 134 1
126 224 1
235 8 1
113 154 1
90 58 1
248 40 1
235 223 1
185 206 1
68 235 1
158 198 1
106 180 3
133 225 1
179 14 1
85 150 1
17 201 1
14 107 1
89 133 1
168 163 1
84 39 2
200 230 1
68 58 1
126 85 1
230 13 1
239 123 1
40 64 1
249 231 1
206 211 1
126 206 1
113 191 1
50 127 1
100 244 1
192 90 1
69 155 1
181 50 1
23 187 1
126 205 1
100 154 1
36 158 1
224 135 1
6 238 1
28 92 1
224 243 1
51 196 1
81 99 1
27 6 1
206 155 1
138 198 1
23 190 1
69 214 1
206 33 1
92 190 1
135 159 1
130 44 1
89 93 1
46 219 4
189 223 1
26 168 1
113 235 1
67 99 1
129 83 1
158 110 1
181 6 1
239 109 2
161 223 2
135 39 1
25 100 1
90 169 1
32 209 1
225 244 1
175 42 1
100 104 4
150 204 1
159 155 1
205 163 1
185 208 1
157 15 1
131 200 3
189 55 1
30 136 1
182 109 5
99 109 1
26 199 1
128 233 1
201 234 1
248 243 1
134 211 1
145 220 1
81 145 1
158 227 1
136 231 1
214 199 1
217 109 4
249 204 1
26 69 1
76 233 2
108 164 1
236 13 1
225 5 1
245 235 1
182 146 7
206 201 1
40 43 1
22 50 1
45 238 1
136 162 1
76 198 1
23 198 1
100 39 1
116 231 1
206 135 1
71 164 1
130 189 1
175 131 3
135 243 1
175 10 1
28 139 1
82 146 1
184 204 1
49 238 1
151 50 2
175 218 2
77 55 1
95 117 1
88 225 1
172 231 1
185 8 1
246 196 1
81 243 1
245 240 1
90 145 1
26 169 1
69 142 1
113 71 1
92 53 1
245 39 1
53 220 1
85 71 1
10 124 1
25 53 1
167 151 1
245 44 1
108 39 1
147 51 1
165 236 2
230 10 1
99 69 1
248 236 1
86 3 5
56 205 1
116 63 1
219 105 2
195 44 1
188 13 1
145 200 1
134 201 1
227 127 2
80 240 1
249 164 1
25 176 1
126 39 1
189 236 2
176 198 1
230 107 1
184 107 1
190 103 2
17 39 1
136 108 1
132 105 1
69 62 2
154 109 1
154 201 1
81 138 1
134 191 1
170 120 1
201 63 2
64 13 1
126 198 1
185 179 1
135 154 1
135 63 1
27 64 1
69 76 1
34 200 7
136 33 1
167 127 1
26 23 1
69 50 1
181 78 1
224 125 1
172 116 1
17 139 1
99 210 1
18 14 1
85 211 1
81 40 1
145 124 1
68 175 1
111 100 1
192 155 1
192 232 1
171 135 1
229 124 1
30 204 1
126 5 1
126 236 1
168 176 1
246 127 1
217 229 1
248 162 1
39 4 1
235 220 1
108 244 1
22 235 1
249 74 1
111 30 1
116 243 1
127 1 1
205 240 1
133 226 1
100 71 1
197 60 4
177 157 2
80 196 1
10 8 2
116 117 1
84 162 2
7 51 3
6 52 1
85 168 1
69 226 1
231 5 1
18 95 1
126 244 1
188 125 1
185 37 1
168 13 1
192 103 1
117 226 1
139 204 1
150 236 1
154 40 1
113 164 1
113 214 1
113 224 1
161 211 2
100 124 1
22 236 1
111 64 1
206 39 1
58 210 1
18 199 1
42 116 1
44 110 1
136 10 1
249 210 1
163 214 1
139 230 1
115 219 3
117 103 1
35 197 3
184 151 1
99 164 1
130 177 1
172 42 1
17 138 1
216 15 4
163 124 1
154 163 1
191 107 1
32 41 1
216 124 1
78 110 1
92 248 1
26 142 1
28 125 1
125 103 1
34 172 1
115 233 3
159 64 1
169 154 1
246 234 1
52 198 1
190 243 1
185 53 1
164 116 1
223 110 1
58 14 1
182 106 1
61 233 1
120 44 1
138 236 1
100 150 1
106 234 3
217 180 1
205 226 1
30 225 1
179 155 1
126 84 1
35 110 2
36 78 1
202 128 1
81 30 1
85 142 1
236 226 3
18 248 1
111 200 1
183 16 9
130 161 1
183 219 1
113 103 1
142 117 1
142 234 1
96 124 1
18 168 1
22 128 1
76 110 11
182 60 5
28 67 1
99 206 1
175 236 5
189 13 1
208 64 1
34 88 1
138 211 1
235 244 1
211 210 1
206 109 1
126 155 1
40 226 2
46 229 1
172 234 1
34 242 1
26 175 1
80 147 1
75 215 5
18 210 1
28 160 1
28 107 1
95 10 1
85 40 1
134 244 1
24 50 1
53 8 1
190 135 1
100 107 1
205 4 1
71 39 1
88 204 1
157 13 2
129 219 1
159 103 1
30 134 2
227 180 1
99 33 1
99 165 1
26 208 1
161 196 2
169 136 1
134 200 1
133 135 1
249 198 1
160 236 1
199 191 1
185 130 1
96 78 1
25 162 1
205 214 1
91 11 1
34 64 1
239 148 2
108 162 1
182 149 2
170 109 3
103 107 1
136 164 1
224 211 1
20 199 1
168 46 1
23 204 1
175 39 1
111 95 1
26 5 1
113 117 1
100 46 4
23 14 1
37 62 1
181 140 1
201 125 1
130 133 1
92 235 1
179 117 1
113 240 1
77 190 1
184 198 2
44 109 1
81 14 1
42 214 1
187 234 1
175 221 3
176 64 1
58 236 2
184 188 1
74 159 1
88 154 1
224 175 1
77 212 7
182 82 1
74 201 1
246 205 1
134 125 2
168 135 1
90 74 1
151 40 1
130 203 1
111 10 1
235 125 1
191 13 1
190 62 1
69 136 1
228 229 2
84 249 1
85 209 1
226 230 1
26 156 2
25 210 1
53 14 1
162 225 1
160 241 1
40 236 36
217 228 9
147 43 1
214 64 1
6 57 1
89 236 1
205 216 1
205 165 1
50 103 1
205 108 1
6 161 1
99 231 1
197 233 7
161 103 1
150 198 1
240 214 1
106 105 13
240 230 1
248 69 1
176 13 1
142 200 2
69 225 1
27 99 1
22 158 1
176 204 1
69 10 1
155 14 1
144 40 1
190 33 1
29 235 1
77 141 1
136 103 2
20 192 1
92 154 1
42 155 1
26 145 1
64 220 1
82 101 1
150 10 2
36 52 1
111 159 1
232 125 1
126 204 1
20 13 1
159 243 1
81 231 1
187 231 1
88 206 1
34 133 1
76 57 1
83 233 3
135 74 1
175 71 1
85 42 1
195 4 1
65 209 1
67 238 1
42 13 1
85 200 1
18 220 2
154 116 1
54 57 1
231 109 1
40 208 1
30 198 1
150 244 1
108 208 1
217 227 1
164 225 1
224 155 1
172 64 1
248 164 1
68 76 2
84 179 1
249 145 1
68 143 1
172 214 1
90 150 1
224 92 1
195 220 1
84 125 1
66 69 2
74 109 1
84 164 1
171 65 2
205 10 1
151 140 1
28 71 1
24 151 1
40 210 1
133 161 1
172 138 1
99 199 1
184 223 1
111 135 1
192 172 1
18 232 1
69 188 1
202 83 3
18 246 1
185 107 1
35 157 1
198 211 1
205 230 1
84 154 1
189 230 1
78 227 1
151 62 2
99 162 1
122 242 31
77 39 1
170 228 1
184 206 1
244 109 1
139 188 1
92 199 1
245 147 1
33 58 1
189 74 1
26 138 1
167 227 1
28 126 1
99 172 1
25 13 1
194 152 1
162 39 49
220 191 1
133 55 1
200 225 1
150 240 1
100 10 1
235 13 1
3 157 1
220 124 2
182 105 2
232 226 1
228 12 2
20 230 1
171 104 1
39 201 1
100 165 1
240 117 1
142 108 1
53 191 1
179 13 1
248 187 1
89 40 1
25 159 1
40 13 1
84 53 1
236 238 1
153 148 1
175 33 1
71 187 1
170 106 2
42 124 1
84 223 14
30 53 1
55 40 2
184 234 1
88 134 1
77 171 1
138 135 1
138 40 1
95 139 1
179 204 1
113 33 1
113 200 1
100 162 1
181 130 1
172 142 1
18 175 1
184 40 2
236 225 1
76 64 1
28 85 2
34 248 1
100 206 1
151 120 1
206 156 2
34 92 1
216 40 1
224 169 1
39 107 1
69 201 1
206 108 1
138 53 1
37 80 1
49 58 1
139 199 1
185 230 1
224 116 1
135 231 1
8 13 1
226 10 1
40 244 2
139 191 1
84 69 1
35 3 3
10 107 1
243 124 1
179 142 1
132 217 1
92 210 1
179 76 1
30 165 1
99 103 1
32 76 3
99 150 1
169 134 1
176 191 1
108 226 1
125 234 1
68 141 1
80 236 1
167 206 1
211 191 1
6 64 1
25 164 1
57 11 1
205 217 1
205 69 3
248 249 8
58 230 1
166 215 5
236 14 1
206 214 5
30 58 1
198 103 2
20 205 1
55 187 1
175 45 1
18 135 1
26 187 1
243 14 1
170 50 1
175 153 1
64 8 1
22 147 1
175 234 1
185 168 1
136 135 1
99 191 1
64 125 1
18 42 1
224 40 1
69 120 1
224 168 1
91 174 1
55 62 1
78 158 1
77 76 2
67 11 1
206 124 1
130 196 1
224 42 1
35 178 1
69 134 1
37 232 1
85 69 1
25 39 1
170 217 3
23 163 1
108 53 1
147 55 1
6 41 1
99 71 1
205 150 1
132 215 1
205 109 2
56 193 1
116 64 1
196 199 3
168 74 1
188 14 1
141 109 1
106 127 2
134 214 3
80 93 1
50 227 2
23 184 1
133 125 1
5 107 1
39 236 2
174 209 1
198 231 1
69 227 1
126 53 1
226 125 1
179 188 1
154 125 1
30 155 1
88 163 1
36 126 1
155 208 1
17 53 1
96 240 1
62 109 1
204 8 1
26 206 1
154 214 2
175 63 1
33 236 1
141 120 1
36 51 1
64 14 1
88 84 1
28 145 1
28 8 1
58 208 1
6 65 1
22 6 1
78 137 1
34 189 1
138 5 1
17 136 1
206 236 1
26 184 1
120 105 1
179 169 1
95 125 1
167 120 3
18 13 1
192 28 1
204 211 1
189 208 1
192 231 1
26 172 1
204 63 1
36 181 1
190 58 1
92 208 1
100 200 5
30 69 1
145 244 1
89 196 1
248 220 7
113 236 1
125 152 2
157 83 3
88 243 1
164 244 1
20 232 1
188 8 1
240 74 1
133 231 1
120 127 1
100 69 1
90 13 1
162 5 1
169 199 1
172 243 1
248 199 1
30 220 1
198 234 1
85 190 1
201 199 1
17 249 1
199 210 1
27 76 1
91 226 1
190 44 1
93 44 1
168 14 1
20 74 1
117 231 2
111 136 1
171 11 1
69 124 2
42 244 1
23 107 1
17 240 1
185 135 1
35 166 1
165 198 1
155 220 1
146 76 1
173 151 1
92 145 1
22 227 1
216 60 2
206 240 1
136 8 1
157 212 1
109 16 3
163 211 1
27 174 4
117 109 1
184 147 1
74 116 1
77 46 1
140 223 1
139 124 1
151 234 1
169 210 1
189 125 1
154 226 1
189 145 1
179 244 1
26 134 1
94 103 1
39 220 1
125 109 1
81 63 1
66 247 1
139 58 1
133 216 1
