17 235 1
57 236 1
111 235 1
226 235 1
20 235 1
63 235 1
88 235 1
188 235 1
191 235 1
10 235 1
187 235 1
23 235 1
171 49 1
95 235 1
212 157 1
107 235 1
83 83 1
83 83 1
177 183 1
15 15 1
101 15 1
138 235 1
3 228 1
59 235 1
146 183 1
70 183 1
123 183 1
129 183 1
233 183 1
21 183 1
12 183 1
82 183 1
16 183 1
75 183 1
166 215 1
102 61 1
41 178 1
194 178 1
94 178 1
68 209 1
81 235 1
137 76 1
196 137 1
24 76 1
141 76 1
161 76 1
55 76 1
93 76 1
36 76 1
199 235 1
84 235 1
223 76 1
39 76 1
162 235 1
80 76 1
43 76 1
44 76 1
51 76 1
232 235 1
116 235 1
220 235 1
37 22 1
184 22 1
205 110 1
62 76 1
69 71 1
7 178 1
152 178 1
248 235 1
249 235 1
134 235 1
206 235 1
154 206 1
125 235 1
30 235 1
214 235 1
133 76 1
50 76 1
142 235 1
198 235 1
4 76 1
127 235 1
211 235 1
208 211 1
106 235 1
217 76 1
124 76 1
114 235 1
109 235 1
247 228 1
247 235 1
120 235 1
18 235 1
180 235 1
234 235 1
1 235 1
229 183 1
219 183 1
121 183 1
239 183 1
115 183 1
148 46 1
218 46 1
118 119 1
119 119 1
103 235 1
26 103 1
168 235 1
19 168 1
153 235 1
210 235 1
136 235 1
38 76 1
122 76 1
242 76 1
135 235 1
200 135 1
34 235 1
175 236 1
104 157 1
14 235 1
172 14 1
159 235 1
240 76 1
204 235 1
117 235 1
231 235 1
74 235 1
225 235 1
155 14 1
139 236 1
169 236 1
145 236 1
192 159 1
